# 
# INPUT-MASTER: 000 "MATCHUP_XYMEEE_5" c0 f0 "m-13.5,-10.0"
# INPUT-IMAGEN: 001 "ie8j01xlq_flt.uvwXYMpq" c0 f0 "m-13.5,-6.0"
# 
# 001  1.000012 -0.000005  0.000043  0.999953      -0.01     -0.00    250   0.009 0.005   -0.0014 0.99998 0.000  0.061  0.039 ie8j01xlq_flt.uvwXYMpq 
# 
#         BUY:                   25   24   23   22   21   20   19   18   17   16   15   14   13   12   11   10    9    8    7    6    5    4    3    2    1
#         BUY: NIT  DMAX  NB    0.03 0.04 0.05 0.07 0.09 0.12 0.16 0.20 0.25 0.35 0.45 0.60 0.80 1.00 1.20 1.50 2.00 3.50 5.00 8.0010.0015.0025.0050.0099.00
#         BUY:   1 99.00   252   224   18    6    2    0    0    0    1    0    0    0    0    0    0    0    0    1    0    0    0    0    0    0    0    0    0
#         BUY:   2 50.00   252   224   18    6    2    0    0    0    1    0    0    0    0    0    0    0    0    1    0    0    0    0    0    0    0    0
#         BUY:   3 25.00   252   224   18    6    2    0    0    0    1    0    0    0    0    0    0    0    0    1    0    0    0    0    0    0    0
#         BUY:   4 15.00   252   224   18    6    2    0    0    0    1    0    0    0    0    0    0    0    0    1    0    0    0    0    0    0
#         BUY:   5 10.00   252   224   18    6    2    0    0    0    1    0    0    0    0    0    0    0    0    1    0    0    0    0    0
#         BUY:   6  8.00   252   224   18    6    2    0    0    0    1    0    0    0    0    0    0    0    0    1    0    0    0    0
#         BUY:   7  5.00   252   224   18    6    2    0    0    0    1    0    0    0    0    0    0    0    0    1    0    0    0
#         BUY:   8  3.50   252   224   18    6    2    0    0    0    1    0    0    0    0    0    0    0    0    1    0    0
#         BUY:   9  2.00   252   224   18    6    2    0    0    0    1    0    0    0    0    0    0    0    0    1    0
#         BUY:  10  1.50   251   224   18    6    2    0    0    0    1    0    0    0    0    0    0    0    0    1
#         BUY:  11  1.20   251   239    7    4    0    0    0    0    1    0    0    0    0    0    0    0    0
#         BUY:  12  1.00   251   239    7    4    0    0    0    0    1    0    0    0    0    0    0    0
#         BUY:  13  0.80   251   239    7    4    0    0    0    0    1    0    0    0    0    0    0
#         BUY:  14  0.60   251   239    7    4    0    0    0    0    1    0    0    0    0    0
#         BUY:  15  0.45   251   239    7    4    0    0    0    0    1    0    0    0    0
#         BUY:  16  0.35   251   239    7    4    0    0    0    0    1    0    0    0
#         BUY:  17  0.25   251   239    7    4    0    0    0    0    1    0    0
#         BUY:  18  0.20   251   239    7    4    0    0    0    0    1    0
#         BUY:  19  0.16   250   239    7    4    0    0    0    0    1
#         BUY:  20  0.12   250   238    8    4    0    0    0    0
# 
#.......... .......... .......... ..........   ........ ........   ...... ......   ...... ......   ......     ........ ........   ......... .........         ..................... 
#     XMAST      YMAST       XCOR       YCOR      MMAST     MCOR   DXMAST DYMAST   DXLOCL DYLOCL     DMAG       XMASTE   YMASTE       XRAW     YRAW         LOCAL INPUT FILE    
#      (01)       (02)       (03)       (04)       (05)     (06)     (07)   (08)     (09)   (10)     (11)         (12)     (13)        (14)      (15)         (16) 
#.......... .......... .......... ..........   ........ ........   ...... ......   ...... ......   ......     ........ ........   ......... .........         ..................... 
# 
    157.636     86.428    157.632     86.435    -12.676  -12.670   -0.001 -0.003    0.001  0.003    0.003      157.636   86.428    157.6324   86.4352           157.6324   86.4352 -12.670  153.2518    5.9927 -12.669    17916.53 0.031
    189.531     92.481    189.528     92.492    -12.369  -12.365   -0.000 -0.000    0.000  0.000    0.004      189.531   92.481    189.5283   92.4923           189.5283   92.4923 -12.365  185.3628   10.1080 -12.363    12711.59 0.031
    453.474    112.913    453.470    112.931    -10.758  -10.753   -0.005 -0.004    0.005  0.004    0.004      453.474  112.913    453.4703  112.9308           453.4703  112.9308 -10.753  451.0579   14.5240 -10.748     2765.43 0.021
     18.288    117.543     18.292    117.557    -10.329  -10.308    0.008  0.011   -0.008 -0.011   -0.012       18.288  117.543     18.2918  117.5568            18.2918  117.5568 -10.308   12.5606   45.4628 -10.307     1469.88 0.131
    553.609    118.719    553.611    118.740    -11.589  -11.584   -0.000 -0.005    0.000  0.005    0.004      553.609  118.719    553.6105  118.7395           553.6105  118.7395 -11.584  551.7548   14.2736 -11.578     6376.37 0.031
    376.385    121.225    376.385    121.253    -10.479  -10.476    0.001  0.009   -0.001 -0.009    0.005      376.385  121.225    376.3851  121.2529           376.3851  121.2529 -10.476  373.4324   27.4738 -10.472     1836.54 0.037
    327.009    122.876    327.003    122.890    -10.793  -10.797   -0.006 -0.003    0.006  0.003    0.013      327.009  122.876    327.0027  122.8897           327.0027  122.8897 -10.797  323.6986   32.0930 -10.794     3046.42 0.037
     68.586    124.300     68.574    124.326    -10.263  -10.273   -0.008  0.022    0.008 -0.022    0.019       68.586  124.300     68.5743  124.3265            68.5743  124.3265 -10.273   63.2303   49.1661 -10.272     1932.61 0.030
    652.868    130.243    652.867    130.284    -10.125  -10.103   -0.005  0.011    0.005 -0.011   -0.014      652.868  130.243    652.8672  130.2844           652.8672  130.2844 -10.103  651.4906   19.7798 -10.097     1447.04 0.045
    446.963    148.169    446.962    148.187    -10.278  -10.270   -0.002 -0.002    0.002  0.002    0.001      446.963  148.169    446.9624  148.1871           446.9624  148.1871 -10.270  444.3365   50.0530 -10.266     1902.99 0.027
    958.313    149.916    958.322    149.961    -10.359  -10.362    0.002  0.002   -0.002 -0.002    0.012      958.313  149.916    958.3221  149.9611           958.3221  149.9611 -10.362  958.2089   21.0045 -10.352     2184.89 0.027
    778.444    155.137    778.446    155.166    -10.114  -10.097   -0.004 -0.005    0.004  0.005   -0.009      778.444  155.137    778.4458  155.1662           778.4458  155.1662 -10.097  777.6042   37.0200 -10.089     1620.86 0.033
    463.433    158.193    463.439    158.213    -10.800  -10.794    0.006 -0.000   -0.006  0.000    0.003      463.433  158.193    463.4394  158.2133           463.4394  158.2133 -10.794  460.8673   59.0501 -10.789     3282.53 0.035
    655.361    158.606    655.363    158.635    -10.240  -10.223   -0.002 -0.000    0.002  0.000   -0.008      655.361  158.606    655.3626  158.6345           655.3626  158.6345 -10.223  653.8799   47.8679 -10.217     1929.13 0.034
    876.284    160.249    876.297    160.294    -10.204  -10.213    0.006  0.006   -0.006 -0.006    0.017      876.284  160.249    876.2968  160.2936           876.2968  160.2936 -10.213  875.8377   36.2357 -10.205     1947.25 0.039
    444.136    161.503    444.134    161.520    -10.618  -10.613   -0.003 -0.002    0.003  0.002    0.004      444.136  161.503    444.1340  161.5198           444.1340  161.5198 -10.613  441.4247   63.5134 -10.609     2056.14 0.041
    653.236    170.843    653.228    170.845    -10.200  -10.189   -0.011 -0.025    0.011  0.025   -0.003      653.236  170.843    653.2283  170.8455           653.2283  170.8455 -10.189  651.6834   60.1614 -10.183     1756.89 0.029
    430.910    176.055    430.924    176.075    -10.412  -10.404    0.014  0.002   -0.014 -0.002    0.000      430.910  176.055    430.9243  176.0748           430.9243  176.0748 -10.404  428.0585   78.8224 -10.400     2347.64 0.044
    573.585    183.488    573.586    183.518    -10.755  -10.743   -0.001  0.005    0.001 -0.005   -0.003      573.585  183.488    573.5864  183.5175           573.5864  183.5175 -10.743  571.5516   77.6045 -10.738     2509.61 0.020
    426.565    186.530    426.565    186.545    -10.280  -10.274    0.000 -0.003   -0.000  0.003    0.002      426.565  186.530    426.5655  186.5448           426.5655  186.5448 -10.274  423.6193   89.5249 -10.271     1595.38 0.048
    665.868    186.913    665.892    186.947    -10.985  -10.989    0.021  0.006   -0.021 -0.006    0.012      665.868  186.913    665.8923  186.9475           665.8923  186.9475 -10.989  664.3460   75.4373 -10.983     3003.87 0.100
    784.218    194.889    784.225    194.920    -11.004  -10.990    0.003 -0.001   -0.003  0.001   -0.005      784.218  194.889    784.2250  194.9204           784.2250  194.9204 -10.990  783.2594   76.2624 -10.983     3631.14 0.036
    404.230    195.577    404.222    195.593    -10.000   -9.996   -0.008 -0.000    0.008  0.000    0.005      404.230  195.577    404.2221  195.5934           404.2221  195.5934  -9.996  401.0805   99.9020  -9.993     1589.72 0.035
    468.775    196.746    468.773    196.762    -12.751  -12.747   -0.002 -0.003    0.002  0.003    0.005      468.775  196.746    468.7733  196.7621           468.7733  196.7621 -12.747  466.0475   97.1528 -12.743    19776.47 0.021
    896.751    197.608    896.753    197.645    -11.207  -11.198   -0.004  0.000    0.004 -0.000   -0.001      896.751  197.608    896.7532  197.6455           896.7532  197.6455 -11.198  896.2487   72.1876 -11.189     4540.67 0.020
    476.814    202.849    476.828    202.901    -10.572  -10.556    0.013  0.033   -0.013 -0.033   -0.008      476.814  202.849    476.8280  202.9010           476.8280  202.9010 -10.556  474.1233  102.7844 -10.552     2593.29 0.042
    241.833    207.004    241.832    207.006    -10.344  -10.320    0.002 -0.006   -0.002  0.006   -0.015      241.833  207.004    241.8324  207.0062           241.8324  207.0062 -10.320  237.4340  121.1430 -10.318     1864.43 0.027
    349.459    210.191    349.468    210.211    -10.070  -10.061    0.010  0.007   -0.010 -0.007   -0.001      349.459  210.191    349.4681  210.2111           349.4681  210.2111 -10.061  345.8675  117.8026 -10.058     1575.61 0.036
    886.559    211.542    886.564    211.588    -10.516  -10.514   -0.000  0.010    0.000 -0.010    0.007      886.559  211.542    886.5641  211.5883           886.5641  211.5883 -10.514  885.9706   86.6863 -10.506     2464.67 0.036
    358.675    217.093    358.670    217.113    -12.297  -12.296   -0.005  0.007    0.005 -0.007    0.008      358.675  217.093    358.6702  217.1134           358.6702  217.1134 -12.296  355.0999  124.1279 -12.294    12910.81 0.027
    547.902    218.551    547.909    218.570    -10.163  -10.145    0.005 -0.002   -0.005  0.002   -0.009      547.902  218.551    547.9086  218.5701           547.9086  218.5701 -10.145  545.5648  114.0932 -10.141     1602.25 0.051
    385.939    222.373    385.932    222.383    -10.444  -10.439   -0.007 -0.004    0.007  0.004    0.004      385.939  222.373    385.9319  222.3830           385.9319  222.3830 -10.439  382.5278  127.7280 -10.436     1948.93 0.035
    314.598    225.659    314.596    225.678    -10.787  -10.784   -0.001  0.007    0.001 -0.007    0.006      314.598  225.659    314.5962  225.6777           314.5962  225.6777 -10.784  310.6591  135.3481 -10.782     2697.61 0.061
    430.274    228.931    430.276    228.944    -10.185  -10.186    0.002 -0.003   -0.002  0.003    0.010      430.274  228.931    430.2763  228.9443           430.2763  228.9443 -10.186  427.1434  131.5779 -10.183     1621.56 0.049
    696.552    236.335    696.541    236.365    -11.544  -11.546   -0.014  0.003    0.014 -0.003    0.011      696.552  236.335    696.5413  236.3649           696.5413  236.3649 -11.546  694.9515  122.8222 -11.540     6470.36 0.034
    481.007    240.042    481.000    240.054    -10.058  -10.070   -0.008 -0.006    0.008  0.006    0.021      481.007  240.042    480.9998  240.0535           480.9998  240.0535 -10.070  478.1430  139.5725 -10.067     1493.90 0.039
    892.674    241.196    892.675    241.238    -12.675  -12.654   -0.005  0.007    0.005 -0.007   -0.012      892.674  241.196    892.6751  241.2381           892.6751  241.2381 -12.654  892.0056  115.8437 -12.646    18109.90 0.024
    697.056    244.317    697.059    244.320    -11.796  -11.810   -0.001 -0.023    0.001  0.023    0.022      697.056  244.317    697.0587  244.3201           697.0587  244.3201 -11.810  695.4395  130.7186 -11.805     6991.56 0.045
    860.975    249.464    860.972    249.501    -10.728  -10.723   -0.008  0.004    0.008 -0.004    0.004      860.975  249.464    860.9722  249.5008           860.9722  249.5008 -10.723  860.1407  125.9910 -10.716     3036.90 0.038
    262.312    259.408    262.317    259.410    -10.904  -10.905    0.006 -0.005   -0.006  0.005    0.010      262.312  259.408    262.3166  259.4101           262.3166  259.4101 -10.905  257.7928  172.1825 -10.904     3540.79 0.024
    205.948    259.653    205.934    259.656    -10.668  -10.659   -0.011 -0.001    0.011  0.001   -0.001      205.948  259.653    205.9343  259.6560           205.9343  259.6560 -10.659  200.9496  175.8609 -10.658     2931.04 0.041
    725.038    261.007    725.044    261.037    -11.777  -11.770    0.002  0.003   -0.002 -0.003    0.001      725.038  261.007    725.0439  261.0370           725.0439  261.0370 -11.770  723.5430  145.7107 -11.764     6638.23 0.027
    277.706    265.214    277.711    265.217    -11.484  -11.480    0.006 -0.004   -0.006  0.004    0.005      277.706  265.214    277.7107  265.2173           277.7107  265.2173 -11.480  273.2775  177.0412 -11.479     5934.41 0.025
    975.357    268.372    975.364    268.409    -12.958  -12.955    0.000 -0.001   -0.000  0.001    0.005      975.357  268.372    975.3637  268.4088           975.3637  268.4088 -12.955  974.9299  137.9006 -12.946    23899.88 0.045
    261.811    276.586    261.816    276.578    -10.807  -10.801    0.007 -0.014   -0.007  0.014    0.003      261.811  276.586    261.8161  276.5780           261.8161  276.5780 -10.801  257.1942  189.3487 -10.800     3041.75 0.024
    288.273    280.939    288.264    280.909    -11.172  -11.163   -0.007 -0.037    0.007  0.037   -0.000      288.273  280.939    288.2641  280.9092           288.2641  280.9092 -11.163  283.8292  192.0602 -11.162     3731.94 0.255
    585.819    281.049    585.821    281.070    -12.637  -12.625    0.000  0.002   -0.000 -0.002   -0.003      585.819  281.049    585.8214  281.0702           585.8214  281.0702 -12.625  583.4244  174.0995 -12.621    15733.21 0.023
     40.104    281.719     40.106    281.724    -11.328  -11.319    0.008  0.009   -0.008 -0.009    0.000       40.104  281.719     40.1062  281.7240            40.1062  281.7240 -11.319   33.5344  208.0147 -11.320     4701.79 0.032
    765.492    286.487    765.475    286.515    -10.646  -10.632   -0.020  0.000    0.020 -0.000   -0.006      765.492  286.487    765.4752  286.5152           765.4752  286.5152 -10.632  764.0762  168.6518 -10.626     2665.47 0.028
    952.904    287.647    952.898    287.693    -12.185  -12.177   -0.012  0.010    0.012 -0.010    0.001      952.904  287.647    952.8981  287.6930           952.8981  287.6930 -12.177  952.3163  158.4679 -12.169     9336.86 0.020
    192.092    297.848    192.080    297.831    -10.295  -10.285   -0.008 -0.019    0.008  0.019   -0.001      192.092  297.848    192.0802  297.8312           192.0802  297.8312 -10.285  186.7630  214.8212 -10.285     1937.02 0.042
    861.916    298.909    861.926    298.981    -10.267  -10.285    0.005  0.041   -0.005 -0.041    0.026      861.916  298.909    861.9256  298.9812           861.9256  298.9812 -10.285  860.9254  175.2263 -10.278     2049.66 0.031
    271.633    302.433    271.630    302.442    -10.624  -10.612   -0.000  0.004    0.000 -0.004   -0.004      271.633  302.433    271.6303  302.4425           271.6303  302.4425 -10.612  266.9462  214.5691 -10.611     2351.48 0.042
    197.351    302.894    197.350    302.895    -11.047  -11.031    0.002 -0.002   -0.002  0.002   -0.007      197.351  302.894    197.3499  302.8946           197.3499  302.8946 -11.031  192.0485  219.5556 -11.031     3590.34 0.033
    787.681    314.741    787.674    314.783    -10.080  -10.076   -0.012  0.015    0.012 -0.015    0.005      787.681  314.741    787.6740  314.7831           787.6740  314.7831 -10.076  786.2764  195.4799 -10.070     1320.08 0.059
     54.270    329.129     54.268    329.129    -11.108  -11.111    0.003  0.005   -0.003 -0.005    0.012       54.270  329.129     54.2684  329.1288            54.2684  329.1288 -11.111   47.5384  254.5030 -11.113     3215.43 0.025
    707.645    329.204    707.643    329.223    -11.816  -11.804   -0.005 -0.004    0.005  0.004   -0.003      707.645  329.204    707.6429  329.2228           707.6429  329.2228 -11.804  705.7834  214.7371 -11.800     7807.54 0.032
    971.739    340.431    971.747    340.467    -11.739  -11.726    0.002  0.002   -0.002 -0.002   -0.004      971.739  340.431    971.7470  340.4668           971.7470  340.4668 -11.726  971.0696  209.8963 -11.719     7719.98 0.027
    356.822    341.646    356.832    341.650    -10.033  -10.029    0.012 -0.003   -0.012  0.003    0.004      356.822  341.646    356.8324  341.6501           356.8324  341.6501 -10.029  352.6055  248.5041 -10.028     1235.72 0.036
    523.138    344.737    523.142    344.755    -11.096  -11.093    0.004  0.003   -0.004 -0.003    0.006      523.138  344.737    523.1421  344.7546           523.1421  344.7546 -11.093  520.0626  241.4407 -11.090     3665.23 0.053
     94.567    358.321     94.565    358.318    -10.575  -10.570    0.003  0.001   -0.003 -0.001    0.004       94.567  358.321     94.5650  358.3179            94.5650  358.3179 -10.570   88.0334  281.1998 -10.571     2638.74 0.033
    764.690    358.614    764.689    358.642    -11.336  -11.326   -0.004  0.003    0.004 -0.003   -0.001      764.690  358.614    764.6889  358.6417           764.6889  358.6417 -11.326  763.0128  240.6011 -11.321     4873.48 0.036
    593.525    360.071    593.529    360.072    -12.146  -12.137    0.002 -0.016   -0.002  0.016    0.000      593.525  360.071    593.5290  360.0715           593.5290  360.0715 -12.137  590.8329  252.4315 -12.134     9933.95 0.021
     97.872    364.409     97.861    364.418    -10.437  -10.432   -0.007  0.013    0.007 -0.013    0.004       97.872  364.409     97.8611  364.4178            97.8611  364.4178 -10.432   91.3235  287.0927 -10.433     1922.31 0.123
    339.331    368.821    339.317    368.829    -10.100  -10.102   -0.012  0.003    0.012 -0.003    0.011      339.331  368.821    339.3173  368.8291           339.3173  368.8291 -10.102  334.8148  276.7092 -10.101     1608.78 0.047
    478.393    385.918    478.387    385.922    -10.188  -10.184   -0.007 -0.007    0.007  0.007    0.005      478.393  385.918    478.3866  385.9219           478.3866  385.9219 -10.184  474.8171  285.2602 -10.182     1732.79 0.043
    319.514    390.081    319.491    390.076    -10.066  -10.047   -0.021 -0.008    0.021  0.008   -0.011      319.514  390.081    319.4912  390.0762           319.4912  390.0762 -10.047  314.7206  299.1402 -10.046     1590.66 0.049
    485.564    389.899    485.560    389.913    -10.660  -10.658   -0.005  0.004    0.005 -0.004    0.007      485.564  389.899    485.5595  389.9132           485.5595  389.9132 -10.658  482.0199  288.8054 -10.656     2910.40 0.040
    144.676    392.523    144.675    392.521    -13.366  -13.361    0.003  0.003   -0.003 -0.003    0.003      144.676  392.523    144.6749  392.5212           144.6749  392.5212 -13.361  138.3996  312.3051 -13.363    29227.90 0.021
     34.759    396.142     34.757    396.127    -10.142  -10.162    0.003 -0.005   -0.003  0.005    0.029       34.759  396.142     34.7566  396.1273            34.7566  396.1273 -10.162   27.4292  322.6492 -10.164     1541.84 0.047
    526.474    397.118    526.471    397.140    -10.543  -10.498   -0.003  0.010    0.003 -0.010   -0.037      526.474  397.118    526.4711  397.1401           526.4711  397.1401 -10.498  523.1714  293.5154 -10.495     2100.52 0.053
    965.938    396.677    965.953    396.702    -10.631  -10.623    0.009 -0.006   -0.009  0.006    0.000      965.938  396.677    965.9532  396.7022           965.9532  396.7022 -10.623  965.0732  266.2848 -10.617     2612.07 0.029
    828.169    418.063    828.177    418.078    -11.736  -11.717    0.004 -0.009   -0.004  0.009   -0.010      828.169  418.063    828.1772  418.0782           828.1772  418.0782 -11.717  826.5959  296.0027 -11.712     6842.42 0.039
    435.159    421.523    435.154    421.527    -11.022  -11.009   -0.005 -0.003    0.005  0.003   -0.004      435.159  421.523    435.1536  421.5271           435.1536  421.5271 -11.009  431.1071  323.4535 -11.008     3404.75 0.023
    335.060    426.032    335.060    426.040    -11.342  -11.333    0.002  0.006   -0.002 -0.006   -0.000      335.060  426.032    335.0603  426.0402           335.0603  426.0402 -11.333  330.2243  334.1034 -11.333     5223.81 0.032
    755.552    426.073    755.540    426.075    -10.381  -10.381   -0.015 -0.019    0.015  0.019    0.009      755.552  426.073    755.5399  426.0752           755.5399  426.0752 -10.381  753.5576  308.4120 -10.376     1718.97 0.041
    519.668    429.462    519.676    429.476    -10.453  -10.457    0.007  0.004   -0.007 -0.004    0.013      519.668  429.462    519.6757  429.4757           519.6757  429.4757 -10.457  516.1833  326.2100 -10.455     2346.38 0.049
    950.584    436.708    950.595    436.745    -10.481  -10.456    0.006  0.009   -0.006 -0.009   -0.017      950.584  436.708    950.5949  436.7449           950.5949  436.7449 -10.456  949.5195  307.1383 -10.450     2024.49 0.030
    719.545    438.252    719.564    438.269    -10.073  -10.061    0.017 -0.001   -0.017  0.001   -0.003      719.545  438.252    719.5641  438.2689           719.5641  438.2689 -10.061  717.3357  322.7752 -10.058     1510.17 0.055
    148.898    442.987    148.915    442.979    -10.021  -10.015    0.022 -0.001   -0.022  0.001    0.003      148.898  442.987    148.9150  442.9792           148.9150  442.9792 -10.015  142.3866  362.4692 -10.017     1270.44 0.051
    368.284    444.063    368.289    444.068    -11.285  -11.247    0.007  0.002   -0.007 -0.002   -0.029      368.284  444.063    368.2886  444.0685           368.2886  444.0685 -11.247  363.6214  350.0692 -11.247     4594.46 0.031
    685.787    444.024    685.773    444.044    -10.005   -9.998   -0.016  0.003    0.016 -0.003    0.002      685.787  444.024    685.7730  444.0436           685.7730  444.0436  -9.998  683.2905  330.5794  -9.995     1355.80 0.041
    887.820    445.803    887.839    445.802    -10.649  -10.637    0.014 -0.026   -0.014  0.026   -0.004      887.820  445.803    887.8390  445.8017           887.8390  445.8017 -10.637  886.4468  320.0065 -10.631     2467.26 0.042
    531.214    459.732    531.222    459.738    -10.749  -10.747    0.008 -0.003   -0.008  0.003    0.006      531.214  459.732    531.2219  459.7381           531.2219  459.7381 -10.747  527.6705  355.7165 -10.745     2769.94 0.036
    668.960    467.880    668.958    467.892    -11.335  -11.330   -0.003 -0.003    0.003  0.003    0.003      668.960  467.880    668.9581  467.8923           668.9581  467.8923 -11.330  666.2758  355.4073 -11.327     4333.88 0.030
    523.870    470.591    523.865    470.602    -10.673  -10.668   -0.005  0.002    0.005 -0.002    0.004      523.870  470.591    523.8651  470.6019           523.8651  470.6019 -10.668  520.2139  367.0157 -10.666     2819.98 0.034
     89.575    476.394     89.571    476.383    -10.509  -10.512    0.002 -0.000   -0.002  0.000    0.012       89.575  476.394     89.5714  476.3831            89.5714  476.3831 -10.512   82.2875  399.5117 -10.515     2086.99 0.036
    249.335    488.828    249.326    488.805    -10.095  -10.096   -0.006 -0.018    0.006  0.018    0.009      249.335  488.828    249.3260  488.8055           249.3260  488.8055 -10.096  243.4381  402.0908 -10.098     1453.98 0.049
    890.325    489.480    890.326    489.498    -12.232  -12.224   -0.004 -0.005    0.004  0.005    0.001      890.325  489.480    890.3258  489.4980           890.3258  489.4980 -12.224  888.7972  363.4354 -12.219    10682.06 0.030
    982.930    491.356    982.916    491.385    -10.502  -10.505   -0.020  0.002    0.020 -0.002    0.012      982.930  491.356    982.9157  491.3852           982.9157  491.3852 -10.505  981.8034  359.6442 -10.500     2217.49 0.034
    308.300    493.261    308.293    493.245    -10.278  -10.270   -0.004 -0.014    0.004  0.014    0.001      308.300  493.261    308.2926  493.2451           308.2926  493.2451 -10.270  302.8833  402.8920 -10.270     2086.06 0.026
    112.754    494.525    112.753    494.529    -10.293  -10.291    0.004  0.014   -0.004 -0.014    0.006      112.754  494.525    112.7529  494.5285           112.7529  494.5285 -10.291  105.5842  416.2287 -10.294     1790.95 0.068
    411.141    498.496    411.147    498.492    -10.610  -10.621    0.008 -0.007   -0.008  0.007    0.020      411.141  498.496    411.1473  498.4918           411.1473  498.4918 -10.621  406.5363  401.7968 -10.620     2303.23 0.032
    719.796    504.032    719.819    504.065    -10.330  -10.330    0.021  0.017   -0.021 -0.017    0.008      719.796  504.032    719.8192  504.0648           719.8192  504.0648 -10.330  717.3244  388.4216 -10.327     1643.18 0.049
    411.298    509.403    411.301    509.411    -10.403  -10.404    0.005  0.006   -0.005 -0.006    0.009      411.298  509.403    411.3010  509.4106           411.3010  509.4106 -10.404  406.6380  412.6959 -10.404     1963.71 0.027
    259.921    514.801    259.910    514.803    -10.588  -10.579   -0.008  0.006    0.008 -0.006   -0.000      259.921  514.801    259.9096  514.8025           259.9096  514.8025 -10.579  253.9719  427.4225 -10.581     2290.57 0.056
    276.391    516.767    276.408    516.800    -10.263  -10.251    0.020  0.038   -0.020 -0.038   -0.003      276.391  516.767    276.4082  516.8003           276.4082  516.8003 -10.251  270.6026  428.4009 -10.252     1584.11 0.044
    954.004    516.983    954.005    517.004    -10.131  -10.093   -0.004 -0.004    0.004  0.004   -0.030      954.004  516.983    954.0050  517.0036           954.0050  517.0036 -10.093  952.6825  386.9674 -10.088     1640.91 0.055
    489.594    519.213    489.602    519.254    -10.781  -10.754    0.008  0.035   -0.008 -0.035   -0.018      489.594  519.213    489.6024  519.2536           489.6024  519.2536 -10.754  485.4820  417.7122 -10.753     2687.79 0.042
    515.803    520.591    515.802    520.588    -10.475  -10.458   -0.000 -0.009    0.000  0.009   -0.008      515.803  520.591    515.8020  520.5878           515.8020  520.5878 -10.458  511.8648  417.4337 -10.457     2102.05 0.030
    809.801    521.257    809.805    521.266    -11.216  -11.193    0.001 -0.009   -0.001  0.009   -0.014      809.801  521.257    809.8051  521.2665           809.8051  521.2665 -11.193  807.7530  400.0681 -11.189     4605.72 0.030
    970.657    528.171    970.647    528.209    -10.555  -10.528   -0.015  0.014    0.015 -0.014   -0.018      970.657  528.171    970.6474  528.2093           970.6474  528.2093 -10.528  969.3630  397.1240 -10.523     2086.04 0.191
    630.465    534.008    630.453    534.010    -10.637  -10.622   -0.013 -0.008    0.013  0.008   -0.006      630.465  534.008    630.4532  534.0099           630.4532  534.0099 -10.622  627.2476  423.7794 -10.620     2621.66 0.035
    420.574    541.402    420.570    541.413    -10.148  -10.120   -0.002  0.010    0.002 -0.010   -0.020      420.574  541.402    420.5698  541.4126           420.5698  541.4126 -10.120  415.8235  444.0997 -10.120     1750.61 0.037
    985.042    540.510    985.048    540.526    -10.751  -10.743    0.001 -0.009   -0.001  0.009    0.000      985.042  540.510    985.0482  540.5260           985.0482  540.5260 -10.743  983.7894  408.5261 -10.737     2568.98 0.033
    466.026    549.986    466.036    549.988    -10.069  -10.048    0.011 -0.000   -0.011  0.000   -0.012      466.026  549.986    466.0363  549.9882           466.0363  549.9882 -10.048  461.5964  449.8687 -10.047     1506.40 0.036
    947.227    553.400    947.211    553.412    -10.389  -10.383   -0.021 -0.011    0.021  0.011    0.002      947.227  553.400    947.2113  553.4121           947.2113  553.4121 -10.383  945.7393  423.7061 -10.378     1938.67 0.050
    417.706    562.308    417.704    562.307    -10.849  -10.830    0.000 -0.000   -0.000  0.000   -0.010      417.706  562.308    417.7044  562.3074           417.7044  562.3074 -10.830  412.8342  465.1573 -10.830     3239.86 0.049
    762.072    568.356    762.089    568.371    -10.012   -9.978    0.015 -0.000   -0.015  0.000   -0.026      762.072  568.356    762.0894  568.3706           762.0894  568.3706  -9.978  759.5932  450.0192  -9.975     1346.24 0.048
    372.106    568.628    372.104    568.622    -10.780  -10.774    0.000 -0.003   -0.000  0.003    0.002      372.106  568.628    372.1043  568.6224           372.1043  568.6224 -10.774  366.8344  474.2877 -10.775     3076.71 0.035
    721.644    571.893    721.652    571.891    -10.417  -10.406    0.006 -0.015   -0.006  0.015   -0.002      721.644  571.893    721.6521  571.8907           721.6521  571.8907 -10.406  718.9038  456.0225 -10.404     2275.98 0.032
    173.858    573.146    173.860    573.134    -11.124  -11.124    0.007 -0.001   -0.007  0.001    0.008      173.858  573.146    173.8604  573.1337           173.8604  573.1337 -11.124  166.8161  491.0681 -11.126     4193.35 0.044
    358.805    578.872    358.807    578.872    -11.187  -11.181    0.004  0.003   -0.004 -0.003    0.003      358.805  578.872    358.8071  578.8720           358.8071  578.8720 -11.181  353.3750  485.3558 -11.182     3850.44 0.029
    227.990    588.965    227.989    588.957    -10.620  -10.605    0.003  0.002   -0.003 -0.002   -0.006      227.990  588.965    227.9892  588.9566           227.9892  588.9566 -10.605  221.3588  503.5410 -10.608     2231.63 0.035
    563.732    588.696    563.719    588.699    -10.960  -10.964   -0.013 -0.002    0.013  0.002    0.013      563.732  588.696    563.7194  588.6993           563.7194  588.6993 -10.964  559.8143  482.5262 -10.963     3310.33 0.036
    519.363    592.496    519.355    592.498    -11.570  -11.571   -0.007 -0.000    0.007  0.000    0.010      519.363  592.496    519.3549  592.4981           519.3549  592.4981 -11.571  515.1111  489.0614 -11.570     6682.61 0.032
    187.933    595.554    187.920    595.541    -10.404  -10.381   -0.008 -0.001    0.008  0.001   -0.014      187.933  595.554    187.9202  595.5408           187.9202  595.5408 -10.381  180.8809  512.6104 -10.384     2054.05 0.031
    636.678    600.846    636.688    600.858    -10.232  -10.214    0.009  0.005   -0.009 -0.005   -0.009      636.678  600.846    636.6885  600.8580           636.6885  600.8580 -10.214  633.2368  490.1666 -10.213     1759.06 0.046
    310.334    604.843    310.335    604.819    -10.454  -10.454    0.004 -0.017   -0.004  0.017    0.009      310.334  604.843    310.3351  604.8193           310.3351  604.8193 -10.454  304.3540  514.3003 -10.455     2012.47 0.051
     92.456    607.136     92.456    607.122    -12.790  -12.783    0.006  0.003   -0.006 -0.003    0.002       92.456  607.136     92.4561  607.1223            92.4561  607.1223 -12.783   84.4210  530.1185 -12.787    18001.13 0.021
    675.985    608.934    675.979    608.938    -10.581  -10.571   -0.008 -0.004    0.008  0.004   -0.001      675.985  608.934    675.9790  608.9385           675.9790  608.9385 -10.571  672.7537  495.8119 -10.570     2446.40 0.038
    854.470    611.849    854.467    611.857    -11.504  -11.493   -0.006 -0.008    0.006  0.008   -0.003      854.470  611.849    854.4673  611.8568           854.4673  611.8568 -11.493  852.3214  487.7477 -11.490     5560.13 0.039
    376.061    630.191    376.061    630.175    -10.347  -10.343    0.002 -0.010   -0.002  0.010    0.005      376.061  630.191    376.0608  630.1750           376.0608  630.1750 -10.343  370.5135  535.5815 -10.345     1618.24 0.042
    319.856    632.268    319.879    632.257    -10.191  -10.188    0.026 -0.003   -0.026  0.003    0.006      319.856  632.268    319.8788  632.2568           319.8788  632.2568 -10.188  313.8379  541.1494 -10.190     1827.84 0.041
    692.550    648.202    692.546    648.185    -10.464  -10.473   -0.005 -0.024    0.005  0.024    0.018      692.550  648.202    692.5464  648.1853           692.5464  648.1853 -10.473  689.2689  533.9974 -10.472     1904.66 0.160
    771.704    648.809    771.701    648.828    -10.611  -10.592   -0.005  0.008    0.005 -0.008   -0.010      771.704  648.809    771.7012  648.8276           771.7012  648.8276 -10.592  768.9550  529.7735 -10.589     2625.10 0.037
    989.044    650.150    989.052    650.164    -12.004  -11.989    0.003 -0.006   -0.003  0.006   -0.006      989.044  650.150    989.0523  650.1640           989.0523  650.1640 -11.989  987.4739  517.6829 -11.984     7944.25 0.023
    743.778    653.224    743.780    653.230    -10.165  -10.175    0.000 -0.004   -0.000  0.004    0.019      743.778  653.224    743.7797  653.2296           743.7797  653.2296 -10.175  740.8486  535.8955 -10.174     1806.58 0.033
    554.524    657.627    554.524    657.627    -12.451  -12.446    0.000 -0.001   -0.000  0.001    0.004      554.524  657.627    554.5245  657.6269           554.5245  657.6269 -12.446  550.2455  551.9765 -12.446    14497.01 0.027
    710.142    662.850    710.146    662.853    -10.243  -10.247    0.002 -0.004   -0.002  0.004    0.012      710.142  662.850    710.1463  662.8534           710.1463  662.8534 -10.247  706.9672  547.5891 -10.245     1794.90 0.041
    800.065    673.996    800.072    674.003    -10.509  -10.493    0.004 -0.004   -0.004  0.004   -0.007      800.065  673.996    800.0715  674.0033           800.0715  674.0033 -10.493  797.3966  553.1684 -10.491     2181.68 0.033
    411.001    676.943    411.000    676.932    -10.120  -10.125    0.001 -0.005   -0.001  0.005    0.014      411.001  676.943    410.9995  676.9317           410.9995  676.9317 -10.125  405.5101  580.1730 -10.126     1500.61 0.049
    912.203    681.025    912.211    681.023    -10.763  -10.760    0.004 -0.018   -0.004  0.018    0.006      912.203  681.025    912.2113  681.0225           912.2113  681.0225 -10.760  910.1388  553.2434 -10.756     3009.98 0.027
    126.859    688.668    126.849    688.632    -10.414  -10.395   -0.004 -0.017    0.004  0.017   -0.011      126.859  688.668    126.8492  688.6322           126.8492  688.6322 -10.395  118.6794  609.5639 -10.400     1812.85 0.044
    897.280    701.805    897.286    701.820    -11.418  -11.400    0.003  0.001   -0.003 -0.001   -0.009      897.280  701.805    897.2857  701.8199           897.2857  701.8199 -11.400  895.0618  574.9384 -11.397     5704.61 0.041
    747.699    704.561    747.708    704.565    -11.372  -11.364    0.008 -0.003   -0.008  0.003    0.000      747.699  704.561    747.7079  704.5649           747.7079  704.5649 -11.364  744.5983  586.9428 -11.362     5079.97 0.029
    186.985    708.156    186.991    708.123    -10.088  -10.101    0.011 -0.015   -0.011  0.015    0.022      186.985  708.156    186.9910  708.1231           186.9910  708.1231 -10.101  179.3038  625.3290 -10.105     1499.78 0.039
    413.053    707.732    413.049    707.719    -10.835  -10.837   -0.001 -0.005    0.001  0.005    0.011      413.053  707.732    413.0493  707.7193           413.0493  707.7193 -10.837  407.4240  610.8413 -10.839     3039.62 0.036
    520.853    710.800    520.857    710.798    -10.309  -10.315    0.005  0.000   -0.005 -0.000    0.015      520.853  710.800    520.8570  710.7978           520.8570  710.7978 -10.315  516.0853  607.2191 -10.315     2004.28 0.045
    265.681    712.834    265.663    712.820    -10.699  -10.674   -0.013 -0.000    0.013  0.000   -0.016      265.681  712.834    265.6629  712.8201           265.6629  712.8201 -10.674  258.7038  625.1267 -10.677     2694.81 0.027
    380.711    716.159    380.690    716.151    -10.036  -10.010   -0.018  0.001    0.018 -0.001   -0.017      380.711  716.159    380.6903  716.1508           380.6903  716.1508 -10.010  374.7473  621.2917 -10.012     1389.30 0.046
    935.296    717.682    935.303    717.718    -10.598  -10.597    0.003  0.021   -0.003 -0.021    0.008      935.296  717.682    935.3029  717.7177           935.3029  717.7177 -10.597  933.2332  588.4602 -10.593     2192.66 0.035
    633.063    719.618    633.066    719.628    -10.703  -10.680    0.003  0.008   -0.003 -0.008   -0.014      633.063  719.618    633.0657  719.6276           633.0657  719.6276 -10.680  629.0895  609.0832 -10.680     2990.97 0.047
    649.737    721.685    649.739    721.691    -11.060  -11.042    0.002  0.003   -0.002 -0.003   -0.009      649.737  721.685    649.7393  721.6909           649.7393  721.6909 -11.042  645.8723  610.1113 -11.042     4053.24 0.044
    925.294    721.934    925.299    721.945    -10.403  -10.379    0.001 -0.003   -0.001  0.003   -0.016      925.294  721.934    925.2988  721.9448           925.2988  721.9448 -10.379  923.1613  593.3027 -10.376     1999.46 0.035
    713.318    728.282    713.343    728.276    -10.103  -10.088    0.024 -0.011   -0.024  0.011   -0.006      713.318  728.282    713.3431  728.2757           713.3431  728.2757 -10.088  709.9166  612.7694 -10.087     1626.44 0.046
    610.319    736.850    610.317    736.838    -11.325  -11.318   -0.002 -0.011    0.002  0.011    0.002      610.319  736.850    610.3168  736.8385           610.3168  736.8385 -11.318  606.1038  627.7023 -11.318     4919.64 0.044
    407.410    742.950    407.401    742.944    -10.023  -10.048   -0.006  0.004    0.006 -0.004    0.033      407.410  742.950    407.4015  742.9445           407.4015  742.9445 -10.048  401.5536  646.4358 -10.051     1222.66 0.066
    468.100    755.343    468.101    755.334    -11.470  -11.467    0.003 -0.002   -0.003  0.002    0.005      468.100  755.343    468.1014  755.3343           468.1014  755.3343 -11.467  462.7010  655.0498 -11.469     5785.66 0.024
    394.165    756.997    394.169    756.992    -10.161  -10.172    0.006  0.006   -0.006 -0.006    0.020      394.165  756.997    394.1686  756.9921           394.1686  756.9921 -10.172  388.1367  661.3185 -10.175     1643.59 0.046
    970.981    764.056    970.986    764.069    -12.866  -12.851    0.001 -0.001   -0.001  0.001   -0.006      970.981  764.056    970.9855  764.0688           970.9855  764.0688 -12.851  968.9546  632.5426 -12.847    19048.50 0.023
    233.305    764.787    233.306    764.764    -11.245  -11.229    0.006 -0.005   -0.006  0.005   -0.007      233.305  764.787    233.3059  764.7636           233.3059  764.7636 -11.229  225.7530  679.1430 -11.233     4554.24 0.034
    201.194    771.017    201.196    771.008    -10.705  -10.690    0.008  0.010   -0.008 -0.010   -0.007      201.194  771.017    201.1963  771.0077           201.1963  771.0077 -10.690  193.2939  687.4019 -10.694     2365.94 0.028
    277.390    774.153    277.369    774.143    -10.937  -10.928   -0.016  0.007    0.016 -0.007   -0.000      277.390  774.153    277.3689  774.1431           277.3689  774.1431 -10.928  270.1865  685.7806 -10.931     3485.89 0.039
    288.487    774.301    288.490    774.273    -11.148  -11.125    0.007 -0.012   -0.007  0.012   -0.015      288.487  774.301    288.4899  774.2732           288.4899  774.2732 -11.125  281.4116  685.2160 -11.129     3755.11 0.032
    586.072    773.918    586.063    773.927    -10.403  -10.396   -0.008  0.012    0.008 -0.012    0.001      586.072  773.918    586.0631  773.9271           586.0631  773.9271 -10.396  581.5062  666.3028 -10.397     1805.90 0.042
    527.957    778.926    527.975    778.904    -10.601  -10.585    0.020 -0.016   -0.020  0.016   -0.007      527.957  778.926    527.9752  778.9041           527.9752  778.9041 -10.585  522.9453  674.8999 -10.586     2699.09 0.041
     99.328    780.388     99.315    780.364    -10.021   -9.992   -0.006  0.000    0.006 -0.000   -0.020       99.328  780.388     99.3146  780.3635            99.3146  780.3635  -9.992   90.3240  703.1458  -9.997     1323.66 0.062
    494.524    784.411    494.510    784.403    -10.737  -10.724   -0.012 -0.001    0.012  0.001   -0.005      494.524  784.411    494.5102  784.4025           494.5102  784.4025 -10.724  489.1871  682.4884 -10.726     2615.66 0.026
    716.225    787.878    716.226    787.889    -10.151  -10.142   -0.000  0.009    0.000 -0.009   -0.001      716.225  787.878    716.2258  787.8890           716.2258  787.8890 -10.142  712.5816  672.1865 -10.142     1553.72 0.043
    338.447    798.941    338.438    798.926    -12.088  -12.073   -0.006  0.000    0.006 -0.000   -0.006      338.447  798.941    338.4377  798.9258           338.4377  798.9258 -12.073  331.6925  706.7742 -12.076     9654.00 0.028
     69.133    804.941     69.135    804.930    -10.371  -10.342    0.009  0.016   -0.009 -0.016   -0.021       69.133  804.941     69.1352  804.9298            69.1352  804.9298 -10.342   59.6787  729.6491 -10.348     1879.61 0.047
    163.569    805.357    163.554    805.331    -10.739  -10.741   -0.009 -0.004    0.009  0.004    0.011      163.569  805.357    163.5538  805.3310           163.5538  805.3310 -10.741  155.0806  724.1333 -10.746     2891.79 0.109
     77.895    811.507     77.886    811.477    -10.898  -10.897   -0.002 -0.004    0.002  0.004    0.007       77.895  811.507     77.8860  811.4767            77.8860  811.4767 -10.897   68.4839  735.6604 -10.903     2835.58 0.033
    714.274    813.548    714.295    813.550    -11.247  -11.234    0.020  0.002   -0.020 -0.002   -0.005      714.274  813.548    714.2949  813.5499           714.2949  813.5499 -11.234  710.5363  697.9671 -11.234     4052.93 0.083
     36.640    819.676     36.631    819.639    -10.062  -10.029   -0.002 -0.008    0.002  0.008   -0.024       36.640  819.676     36.6308  819.6395            36.6308  819.6395 -10.029   26.7330  746.4285 -10.035     1321.03 0.053
    145.968    822.743    145.965    822.743    -10.606  -10.623    0.004  0.024   -0.004 -0.024    0.025      145.968  822.743    145.9651  822.7427           145.9651  822.7427 -10.623  137.2118  742.6785 -10.628     2391.61 0.163
     62.289    829.424     62.286    829.394    -10.440  -10.445    0.004 -0.002   -0.004  0.002    0.014       62.289  829.424     62.2860  829.3936            62.2860  829.3936 -10.445   52.6086  754.5932 -10.451     1869.44 0.152
    982.944    831.505    982.958    831.548    -10.107  -10.108    0.010  0.032   -0.010 -0.032    0.010      982.944  831.505    982.9584  831.5485           982.9584  831.5485 -10.108  980.7764  699.2099 -10.105     1611.98 0.043
    634.555    840.485    634.558    840.482    -10.267  -10.231    0.003  0.002   -0.003 -0.002   -0.027      634.555  840.485    634.5578  840.4822           634.5578  840.4822 -10.231  630.0757  729.8578 -10.232     1966.68 0.041
    138.774    842.178    138.785    842.136    -10.191  -10.206    0.018 -0.017   -0.018  0.017    0.024      138.774  842.178    138.7852  842.1357           138.7852  842.1357 -10.206  129.8449  762.5598 -10.212     1647.95 0.035
     67.270    844.623     67.262    844.600    -11.306  -11.304   -0.001  0.006    0.001 -0.006    0.007       67.270  844.623     67.2624  844.6003            67.2624  844.6003 -11.304   57.5475  769.5205 -11.311     3844.84 0.027
    770.914    845.277    770.908    845.303    -10.638  -10.656   -0.008  0.024    0.008 -0.024    0.027      770.914  845.277    770.9079  845.3027           770.9079  845.3027 -10.656  767.4075  726.1900 -10.656     2307.73 0.117
    448.620    846.691    448.616    846.679    -10.472  -10.457   -0.001  0.000    0.001 -0.000   -0.006      448.620  846.691    448.6159  846.6791           448.6159  846.6791 -10.457  442.6141  747.6868 -10.460     2058.98 0.047
     36.860    852.770     36.856    852.738    -12.111  -12.101    0.004 -0.002   -0.004  0.002   -0.001       36.860  852.770     36.8564  852.7382            36.8564  852.7382 -12.101   26.7595  779.5872 -12.107     9368.92 0.030
    394.772    864.907    394.769    864.896    -12.225  -12.208    0.000  0.005   -0.000 -0.005   -0.008      394.772  864.907    394.7686  864.8960           394.7686  864.8960 -12.208  388.2024  769.2990 -12.212    10978.77 0.038
    478.783    868.959    478.783    868.946    -10.071  -10.048    0.003 -0.001   -0.003  0.001   -0.015      478.783  868.959    478.7831  868.9462           478.7831  868.9462 -10.048  472.9308  768.0894 -10.051     1648.32 0.064
    419.879    870.532    419.867    870.525    -10.697  -10.689   -0.009  0.008    0.009 -0.008    0.000      419.879  870.532    419.8667  870.5250           419.8667  870.5250 -10.689  413.4989  773.3613 -10.693     2278.64 0.034
    725.156    871.479    725.157    871.474    -12.447  -12.431    0.001 -0.003   -0.001  0.003   -0.007      725.156  871.479    725.1568  871.4743           725.1568  871.4743 -12.431  721.2444  755.2235 -12.432    13512.43 0.036
     44.547    876.307     44.533    876.280    -10.204  -10.185   -0.006  0.003    0.006 -0.003   -0.010       44.547  876.307     44.5329  876.2796            44.5329  876.2796 -10.185   34.3778  802.7027 -10.192     1664.38 0.026
    892.674    880.425    892.680    880.417    -10.906  -10.896    0.004 -0.014   -0.004  0.014   -0.001      892.674  880.425    892.6803  880.4165           892.6803  880.4165 -10.896  889.8206  753.6934 -10.895     3318.86 0.034
    538.295    881.419    538.288    881.400    -10.106  -10.104   -0.005 -0.009    0.005  0.009    0.006      538.295  881.419    538.2882  881.3997           538.2882  881.3997 -10.104  532.8707  776.8283 -10.106     1597.44 0.064
    809.787    881.757    809.780    881.769    -10.581  -10.554   -0.008  0.010    0.008 -0.010   -0.018      809.787  881.757    809.7805  881.7686           809.7805  881.7686 -10.554  806.3974  760.2286 -10.554     2191.64 0.032
    198.233    885.362    198.216    885.335    -10.248  -10.251   -0.010 -0.002    0.010  0.002    0.012      198.233  885.362    198.2163  885.3349           198.2163  885.3349 -10.251  189.6397  802.1153 -10.257     1764.76 0.034
    676.266    889.309    676.263    889.308    -10.707  -10.698   -0.002  0.004    0.002 -0.004   -0.000      676.266  889.309    676.2630  889.3081           676.2630  889.3081 -10.698  671.8866  776.0979 -10.699     2891.31 0.038
    696.050    891.409    696.051    891.397    -12.673  -12.657    0.001 -0.008   -0.001  0.008   -0.007      696.050  891.409    696.0510  891.3967           696.0510  891.3967 -12.657  691.8112  776.9482 -12.658    17836.92 0.028
    102.013    896.657    101.993    896.631    -10.293  -10.313   -0.013  0.004    0.013 -0.004    0.029      102.013  896.657    101.9929  896.6310           101.9929  896.6310 -10.313   92.3433  819.4891 -10.319     1673.86 0.030
    990.611    899.038    990.628    899.050    -10.083  -10.076    0.013  0.003   -0.013 -0.003    0.002      990.611  899.038    990.6278  899.0496           990.6278  899.0496 -10.076  988.2741  766.1923 -10.074     1368.36 0.098
    502.685    903.401    502.677    903.400    -10.003  -10.006   -0.006  0.011    0.006 -0.011    0.012      502.685  903.401    502.6768  903.3996           502.6768  903.3996 -10.006  496.8642  801.0845 -10.009     1558.32 0.076
    850.020    907.179    850.005    907.163    -10.446  -10.422   -0.017 -0.018    0.017  0.018   -0.015      850.020  907.179    850.0052  907.1633           850.0052  907.1633 -10.422  846.7864  783.1088 -10.421     2265.55 0.045
    789.222    908.964    789.224    908.959    -10.251  -10.234    0.001 -0.005   -0.001  0.005   -0.008      789.222  908.964    789.2241  908.9590           789.2241  908.9590 -10.234  785.6035  788.7092 -10.234     1649.93 0.050
    647.611    920.697    647.625    920.676    -10.508  -10.514    0.014 -0.014   -0.014  0.014    0.015      647.611  920.697    647.6246  920.6761           647.6246  920.6761 -10.514  642.9022  809.2826 -10.516     2387.87 0.035
    370.148    924.306    370.130    924.305    -10.512  -10.481   -0.015  0.018    0.015 -0.018   -0.023      370.148  924.306    370.1295  924.3052           370.1295  924.3052 -10.481  363.0376  830.3488 -10.485     2138.34 0.045
    407.353    935.492    407.330    935.485    -10.869  -10.864   -0.019  0.011    0.019 -0.011    0.003      407.353  935.492    407.3302  935.4846           407.3302  935.4846 -10.864  400.5277  839.2072 -10.868     2956.69 0.025
    265.549    937.872    265.555    937.850    -10.607  -10.609    0.012  0.003   -0.012 -0.003    0.011      265.549  937.872    265.5546  937.8496           265.5546  937.8496 -10.609  257.3743  850.5048 -10.614     2065.08 0.073
     93.549    946.134     93.536    946.069    -10.203  -10.198   -0.005 -0.032    0.005  0.032    0.004       93.549  946.134     93.5362  946.0689            93.5362  946.0689 -10.198   83.5016  869.5884 -10.205     1466.90 0.056
    754.251    945.869    754.242    945.860    -12.069  -12.052   -0.009 -0.005    0.009  0.005   -0.008      754.251  945.869    754.2425  945.8595           754.2425  945.8595 -12.052  750.2402  827.8179 -12.053     9881.10 0.028
    502.302    947.199    502.303    947.181    -10.254  -10.329    0.003 -0.003   -0.003  0.003    0.084      502.302  947.199    502.3025  947.1813           502.3025  947.1813 -10.329  496.2831  844.9487 -10.332     1763.26 0.213
    782.079    951.278    782.087    951.282    -10.653  -10.647    0.008  0.007   -0.008 -0.007    0.003      782.079  951.278    782.0874  951.2822           782.0874  951.2822 -10.647  778.2574  831.4968 -10.648     2302.34 0.051
    375.359    974.748    375.308    974.720    -10.384  -10.370   -0.046 -0.006    0.046  0.006   -0.005      375.359  974.748    375.3084  974.7200           375.3084  974.7200 -10.370  368.0107  880.5345 -10.375     1928.85 0.041
     60.156    984.058     60.155    984.027    -11.059  -11.041    0.007  0.004   -0.007 -0.004   -0.009       60.156  984.058     60.1547  984.0267            60.1547  984.0267 -11.041   49.5219  909.7639 -11.049     3471.20 0.032
    690.724    989.403    690.726    989.401    -10.735  -10.733    0.002  0.007   -0.002 -0.007    0.007      690.724  989.403    690.7255  989.4014           690.7255  989.4014 -10.733  686.0469  875.3646 -10.734     2792.23 0.038
    735.610    989.558    735.652    989.574    -10.566  -10.552    0.042  0.022   -0.042 -0.022   -0.006      735.610  989.558    735.6519  989.5741           735.6519  989.5741 -10.552  731.3451  872.7331 -10.553     2316.70 0.054
    840.281    990.230    840.280    990.223    -11.417  -11.411   -0.003 -0.005    0.003  0.005    0.003      840.281  990.230    840.2800  990.2228           840.2800  990.2228 -11.411  836.6974  866.8062 -11.411     5354.88 0.024
    331.617    994.626    331.627    994.573    -10.301  -10.314    0.015 -0.028   -0.015  0.028    0.022      331.617  994.626    331.6275  994.5734           331.6275  994.5734 -10.314  323.8077  903.1880 -10.319     2006.00 0.038
    904.740    999.134    904.746    999.139    -10.319  -10.294    0.004  0.004   -0.004 -0.004   -0.016      904.740  999.134    904.7463  999.1387           904.7463  999.1387 -10.294  901.5513  871.6750 -10.293     1625.55 0.038
    690.245   1003.170    690.260   1003.174    -10.232  -10.199    0.016  0.013   -0.016 -0.013   -0.025      690.245 1003.170    690.2604 1003.1740           690.2604 1003.1740 -10.199  685.5220  889.1822 -10.201     1570.20 0.047
    525.947   1004.676    525.939   1004.651    -10.321  -10.289   -0.006 -0.009    0.006  0.009   -0.023      525.947 1004.676    525.9391 1004.6507           525.9391 1004.6507 -10.289  519.8574  901.0216 -10.292     2118.10 0.043
    157.465   1006.247    157.464   1006.222    -10.146  -10.121    0.006  0.007   -0.006 -0.007   -0.017      157.465 1006.247    157.4643 1006.2220           157.4643 1006.2220 -10.121  147.8148  925.8665 -10.128     1723.39 0.037
    800.848   1008.042    800.850   1008.051    -10.200  -10.188    0.001  0.014   -0.001 -0.014   -0.004      800.848 1008.042    800.8496 1008.0513           800.8496 1008.0513 -10.188  796.9339  887.1262 -10.189     1747.81 0.065
    825.966   1008.270    825.965   1008.272    -12.421  -12.403   -0.002  0.005    0.002 -0.005   -0.009      825.966 1008.270    825.9646 1008.2716           825.9646 1008.2716 -12.403  822.2200  885.7671 -12.403    12981.86 0.102
    794.095   1012.095    794.097   1012.094    -13.143  -13.127    0.002  0.004   -0.002 -0.004   -0.007      794.095 1012.095    794.0972 1012.0939           794.0972 1012.0939 -13.127  790.1193  891.5971 -13.128    23310.30 0.093
    778.880   1012.985    778.897   1012.952    -10.493  -10.477    0.016 -0.027   -0.016  0.027   -0.007      778.880 1012.985    778.8966 1012.9520           778.8966 1012.9520 -10.477  774.8087  893.4123 -10.478     2077.31 0.032
    591.366   1014.508    591.373   1014.491    -10.271  -10.272    0.008 -0.003   -0.008  0.003    0.009      591.366 1014.508    591.3731 1014.4914           591.3731 1014.4914 -10.272  585.8001  906.7502 -10.275     1884.04 0.070
     19.880   1016.150     19.870   1016.099    -10.789  -10.793   -0.001 -0.012    0.001  0.012    0.012       19.880 1016.150     19.8696 1016.0988            19.8696 1016.0988 -10.793    8.5835  944.4556 -10.801     2476.14 0.027
    156.729   1017.433    156.718   1017.403    -10.562  -10.546   -0.003  0.004    0.003 -0.004   -0.007      156.729 1017.433    156.7182 1017.4031           156.7182 1017.4031 -10.546  146.9972  937.1272 -10.553     2600.05 0.036
     42.611   1018.359     42.597   1018.328    -10.235  -10.218   -0.005  0.007    0.005 -0.007   -0.009       42.611 1018.359     42.5971 1018.3277            42.5971 1018.3277 -10.218   31.6018  945.2773 -10.226     1582.35 0.040
    571.864   1019.988    571.858   1019.977    -13.437  -13.423   -0.004  0.004    0.004 -0.004   -0.005      571.864 1019.988    571.8578 1019.9769           571.8578 1019.9769 -13.423  566.1282  913.4795 -13.426    30812.25 0.027
    789.739   1020.222    789.750   1020.204    -11.209  -11.205    0.010 -0.013   -0.010  0.013    0.005      789.739 1020.222    789.7496 1020.2039           789.7496 1020.2039 -11.205  785.7106  899.9880 -11.206     4451.47 0.045
    242.204   1023.442    242.186   1023.411    -10.404  -10.408   -0.012 -0.002    0.012  0.002    0.013      242.204 1023.442    242.1860 1023.4108           242.1860 1023.4108 -10.408  233.3391  937.7456 -10.414     2037.27 0.032
    939.019   1025.349    939.005   1025.354    -10.873  -10.856   -0.016  0.005    0.017 -0.005   -0.009      939.019 1025.349    939.0053 1025.3545           939.0053 1025.3545 -10.856  935.9376  895.7495 -10.855     3355.34 0.036
    743.389   1028.202    743.394   1028.200    -10.958  -10.948    0.005  0.005   -0.005 -0.005   -0.001      743.389 1028.202    743.3937 1028.1997           743.3937 1028.1997 -10.948  738.9908  910.9108 -10.949     3762.98 0.037
    274.470   1034.888    274.466   1034.851    -10.487  -10.449    0.002 -0.008   -0.002  0.008   -0.029      274.470 1034.888    274.4658 1034.8509           274.4658 1034.8509 -10.449  265.8927  947.1748 -10.455     2221.41 0.031
    767.580   1034.816    767.591   1034.803    -10.348  -10.322    0.011 -0.005   -0.011  0.005   -0.017      767.580 1034.816    767.5911 1034.8031           767.5911 1034.8031 -10.322  763.3465  915.9847 -10.324     1940.05 0.040
    590.415   1037.313    590.438   1037.290    -10.434  -10.414    0.024 -0.009   -0.024  0.009   -0.011      590.415 1037.313    590.4376 1037.2898           590.4376 1037.2898 -10.414  584.7858  929.6490 -10.417     1907.88 0.132
    173.589   1043.974    173.569   1043.937    -10.576  -10.568   -0.013 -0.004    0.013  0.004    0.000      173.589 1043.974    173.5688 1043.9366           173.5688 1043.9366 -10.568  163.8794  962.6737 -10.576     2515.53 0.030
    242.276   1044.593    242.268   1044.563    -10.422  -10.413   -0.002  0.000    0.002 -0.000   -0.000      242.276 1044.593    242.2680 1044.5630           242.2680 1044.5630 -10.413  233.3073  958.9517 -10.420     2098.53 0.036
    785.903   1048.174    785.901   1048.169    -10.609  -10.598   -0.002  0.002    0.002 -0.002   -0.003      785.903 1048.174    785.9011 1048.1686           785.9011 1048.1686 -10.598  781.7352  928.2108 -10.599     2492.52 0.042
    655.997   1054.681    655.991   1054.678    -10.615  -10.565   -0.004  0.010    0.004 -0.010   -0.041      655.997 1054.681    655.9914 1054.6777           655.9914 1054.6777 -10.565  650.7980  942.9267 -10.568     2572.42 0.042
    540.009   1058.060    539.999   1058.028    -10.287  -10.284   -0.008 -0.014    0.008  0.014    0.005      540.009 1058.060    539.9988 1058.0285           539.9988 1058.0285 -10.284  533.8244  953.6124 -10.288     1816.89 0.046
    138.173   1059.618    138.187   1059.602    -10.354  -10.359    0.021  0.020   -0.021 -0.020    0.014      138.173 1059.618    138.1868 1059.6024           138.1868 1059.6024 -10.359  128.0224  980.6311 -10.367     2007.80 0.052
    353.105   1066.712    353.099   1066.688    -12.825  -12.810   -0.001  0.003    0.001 -0.003   -0.007      353.105 1066.712    353.0989 1066.6884           353.0989 1066.6884 -12.810  345.1548  974.1166 -12.816    20875.77 0.021
    201.965   1073.234    201.964   1073.199    -10.745  -10.738    0.006 -0.002   -0.006  0.002    0.002      201.965 1073.234    201.9637 1073.1991           201.9637 1073.1991 -10.738  192.4166  990.2272 -10.746     2601.13 0.037
    236.282   1075.983    236.283   1075.951    -11.006  -10.994    0.007  0.001   -0.007 -0.001   -0.003      236.282 1075.983    236.2826 1075.9511           236.2826 1075.9511 -10.994  227.0883  990.8118 -11.001     3846.62 0.032
    473.139   1080.421    473.136   1080.405    -11.753  -11.744    0.001  0.006   -0.001 -0.006   -0.000      473.139 1080.421    473.1356 1080.4048           473.1356 1080.4048 -11.744  466.2666  980.2627 -11.748     7119.93 0.020
    527.890   1080.661    527.882   1080.634    -11.192  -11.188   -0.005 -0.007    0.005  0.007    0.005      527.890 1080.661    527.8822 1080.6339           527.8822 1080.6339 -11.188  521.4987  977.0305 -11.192     3957.00 0.030
    880.777   1082.003    880.778   1082.005    -10.094  -10.078    0.000  0.007   -0.000 -0.007   -0.007      880.777 1082.003    880.7782 1082.0047           880.7782 1082.0047 -10.078  877.1410  956.0959 -10.078     1594.83 0.047
    515.024   1084.654    515.013   1084.626    -10.569  -10.559   -0.007 -0.007    0.007  0.007   -0.001      515.024 1084.654    515.0131 1084.6262           515.0131 1084.6262 -10.559  508.4982  981.8454 -10.563     2187.09 0.030
    125.564   1086.218    125.538   1086.206    -10.181  -10.161   -0.018  0.025    0.018 -0.025   -0.011      125.564 1086.218    125.5384 1086.2062           125.5384 1086.2062 -10.161  115.0791 1008.1270 -10.169     1766.15 0.035
    344.211   1093.535    344.198   1093.497    -10.151  -10.124   -0.007 -0.009    0.007  0.009   -0.018      344.211 1093.535    344.1978 1093.4973           344.1978 1093.4973 -10.124  336.0262 1001.5649 -10.130     1554.06 0.031
    561.357   1096.629    561.341   1096.622    -10.952  -10.940   -0.013  0.012    0.013 -0.012   -0.003      561.357 1096.629    561.3415 1096.6218           561.3415 1096.6218 -10.940  555.1763  990.9353 -10.944     3700.47 0.028
    677.534   1105.276    677.520   1105.261    -10.596  -10.584   -0.013 -0.000    0.013  0.000   -0.004      677.534 1105.276    677.5201 1105.2610           677.5201 1105.2610 -10.584  672.2834  992.2366 -10.587     1786.44 0.462
    950.811   1105.739    950.814   1105.725    -11.383  -11.377    0.001 -0.011   -0.001  0.011    0.003      950.811 1105.739    950.8144 1105.7247           950.8144 1105.7247 -11.377  947.5545  975.4150 -11.377     4272.43 0.030
    634.219   1108.222    634.210   1108.204    -12.685  -12.673   -0.007 -0.001    0.007  0.001   -0.003      634.219 1108.222    634.2103 1108.2044           634.2103 1108.2044 -12.673  628.6096  997.9277 -12.677    16905.22 0.019
    466.375   1109.180    466.364   1109.170    -10.466  -10.449   -0.007  0.014    0.007 -0.014   -0.008      466.375 1109.180    466.3643 1109.1705           466.3643 1109.1705 -10.449  459.2961 1009.5282 -10.454     2026.24 0.033
    864.980   1112.053    864.973   1112.050    -10.251  -10.251   -0.007  0.004    0.007 -0.004    0.009      864.980 1112.053    864.9734 1112.0502           864.9734 1112.0502 -10.251  861.1210  987.1779 -10.252     1809.99 0.038
    913.192   1112.756    913.193   1112.748    -10.625  -10.626   -0.000 -0.003    0.000  0.003    0.009      913.192 1112.756    913.1928 1112.7482           913.1928 1112.7482 -10.626  909.6642  984.8258 -10.626     2455.06 0.106
    583.979   1114.623    583.973   1114.598    -12.167  -12.151   -0.003 -0.006    0.003  0.006   -0.007      583.979 1114.623    583.9728 1114.5976           583.9728 1114.5976 -12.151  577.9215 1007.5167 -12.155     9768.45 0.024
    637.129   1117.336    637.122   1117.327    -10.080  -10.077   -0.006  0.008    0.006 -0.008    0.005      637.129 1117.336    637.1218 1117.3269           637.1218 1117.3269 -10.077  631.5056 1006.8842 -10.081     1368.21 0.125
    889.233   1120.822    889.244   1120.821    -10.068  -10.039    0.010  0.005   -0.010 -0.005   -0.020      889.233 1120.822    889.2444 1120.8206           889.2444 1120.8206 -10.039  885.5268  994.4240 -10.040     1201.65 0.045
