# 
# INPUT-MASTER: 000 "MATCHUP_XYMEEE_5" c0 f0 "m-13.5,-10.0"
# INPUT-IMAGEN: 004 "ie8j01xoq_flt.uvwXYMpq" c0 f0 "m-13.5,-6.0"
# 
# 004  1.000013 -0.000007  0.000041  0.999957      -7.47     -5.98    254  -0.007 0.004   -0.0014 0.99999 0.010  0.057  0.035 ie8j01xoq_flt.uvwXYMpq 
# 
#         BUY:                   25   24   23   22   21   20   19   18   17   16   15   14   13   12   11   10    9    8    7    6    5    4    3    2    1
#         BUY: NIT  DMAX  NB    0.03 0.04 0.05 0.07 0.09 0.12 0.16 0.20 0.25 0.35 0.45 0.60 0.80 1.00 1.20 1.50 2.00 3.50 5.00 8.0010.0015.0025.0050.0099.00
#         BUY:   1 99.00   254   241   10    2    0    1    0    0    0    0    0    0    0    0    0    0    0    0    0    0    0    0    0    0    0    0    0
#         BUY:   2 50.00   254   241   10    2    0    1    0    0    0    0    0    0    0    0    0    0    0    0    0    0    0    0    0    0    0    0
#         BUY:   3 25.00   254   241   10    2    0    1    0    0    0    0    0    0    0    0    0    0    0    0    0    0    0    0    0    0    0
#         BUY:   4 15.00   254   241   10    2    0    1    0    0    0    0    0    0    0    0    0    0    0    0    0    0    0    0    0    0
#         BUY:   5 10.00   254   241   10    2    0    1    0    0    0    0    0    0    0    0    0    0    0    0    0    0    0    0    0
#         BUY:   6  8.00   254   241   10    2    0    1    0    0    0    0    0    0    0    0    0    0    0    0    0    0    0    0
#         BUY:   7  5.00   254   241   10    2    0    1    0    0    0    0    0    0    0    0    0    0    0    0    0    0    0
#         BUY:   8  3.50   254   241   10    2    0    1    0    0    0    0    0    0    0    0    0    0    0    0    0    0
#         BUY:   9  2.00   254   241   10    2    0    1    0    0    0    0    0    0    0    0    0    0    0    0    0
#         BUY:  10  1.50   254   241   10    2    0    1    0    0    0    0    0    0    0    0    0    0    0    0
#         BUY:  11  1.20   254   241   10    2    0    1    0    0    0    0    0    0    0    0    0    0    0
#         BUY:  12  1.00   254   241   10    2    0    1    0    0    0    0    0    0    0    0    0    0
#         BUY:  13  0.80   254   241   10    2    0    1    0    0    0    0    0    0    0    0    0
#         BUY:  14  0.60   254   241   10    2    0    1    0    0    0    0    0    0    0    0
#         BUY:  15  0.45   254   241   10    2    0    1    0    0    0    0    0    0    0
#         BUY:  16  0.35   254   241   10    2    0    1    0    0    0    0    0    0
#         BUY:  17  0.25   254   241   10    2    0    1    0    0    0    0    0
#         BUY:  18  0.20   254   241   10    2    0    1    0    0    0    0
#         BUY:  19  0.16   254   241   10    2    0    1    0    0    0
#         BUY:  20  0.12   254   241   10    2    0    1    0    0
# 
#.......... .......... .......... ..........   ........ ........   ...... ......   ...... ......   ......     ........ ........   ......... .........         ..................... 
#     XMAST      YMAST       XCOR       YCOR      MMAST     MCOR   DXMAST DYMAST   DXLOCL DYLOCL     DMAG       XMASTE   YMASTE       XRAW     YRAW         LOCAL INPUT FILE    
#      (01)       (02)       (03)       (04)       (05)     (06)     (07)   (08)     (09)   (10)     (11)         (12)     (13)        (14)      (15)         (16) 
#.......... .......... .......... ..........   ........ ........   ...... ......   ...... ......   ......     ........ ........   ......... .........         ..................... 
# 
    157.636     86.428    165.093     92.421    -12.676  -12.678   -0.004  0.005    0.004 -0.005   -0.005      157.636   86.428    165.0929   92.4211           165.0929   92.4211 -12.678  160.7364   11.5113 -12.676    15473.68 0.032
    189.531     92.481    196.992     98.476    -12.369  -12.369    0.000  0.006   -0.000 -0.006   -0.007      189.531   92.481    196.9922   98.4761           196.9922   98.4761 -12.369  192.8504   15.6236 -12.367    12604.29 0.029
    453.474    112.913    460.940    118.909    -10.758  -10.753    0.001 -0.003   -0.001  0.003   -0.012      453.474  112.913    460.9395  118.9092           460.9395  118.9092 -10.753  458.5434   20.0310 -10.748     2787.14 0.032
     18.288    117.543     25.743    123.530    -10.329  -10.341   -0.004  0.006    0.004 -0.006    0.005       18.288  117.543     25.7427  123.5297            25.7427  123.5297 -10.341   20.0405   50.9712 -10.341     1906.57 0.159
    553.609    118.719    561.072    124.724    -11.589  -11.594   -0.002  0.002    0.002 -0.002   -0.002      553.609  118.719    561.0716  124.7240           561.0716  124.7240 -11.594  559.2306   19.7844 -11.588     6545.67 0.040
    376.385    121.225    383.843    127.207    -10.479  -10.481   -0.005 -0.014    0.005  0.014   -0.006      376.385  121.225    383.8429  127.2073           383.8429  127.2073 -10.481  380.9103   32.9578 -10.477     2478.33 0.036
    327.009    122.876    334.471    128.880    -10.793  -10.780   -0.000  0.010    0.000 -0.010   -0.020      327.009  122.876    334.4709  128.8798           334.4709  128.8798 -10.780  331.1882   37.6127 -10.777     2937.52 0.029
     68.586    124.300     76.057    130.273    -10.263  -10.250    0.012 -0.010   -0.012  0.010   -0.020       68.586  124.300     76.0571  130.2728            76.0571  130.2728 -10.250   70.7408   54.6456 -10.249     1821.12 0.050
    652.868    130.243    660.317    136.268    -10.125  -10.119   -0.018  0.018    0.018 -0.018   -0.013      652.868  130.243    660.3171  136.2676           660.3171  136.2676 -10.119  658.9530   25.2892 -10.113     1751.19 0.051
    446.963    148.169    454.423    154.169    -10.278  -10.298   -0.004  0.003    0.004 -0.003    0.013      446.963  148.169    454.4233  154.1694           454.4233  154.1694 -10.298  451.8148   55.5646 -10.293     1792.31 0.037
    958.313    149.916    965.765    155.939    -10.359  -10.346   -0.018  0.004    0.018 -0.004   -0.020      958.313  149.916    965.7646  155.9390           965.7646  155.9390 -10.346  965.6581   26.5054 -10.337     1801.99 0.042
    778.444    155.137    785.912    161.146    -10.114  -10.126   -0.001 -0.001    0.001  0.001    0.004      778.444  155.137    785.9119  161.1464           785.9119  161.1464 -10.126  785.0803   42.5256 -10.118     1591.47 0.047
    463.433    158.193    470.898    164.195    -10.800  -10.797    0.001  0.004   -0.001 -0.004   -0.010      463.433  158.193    470.8980  164.1951           470.8980  164.1951 -10.797  468.3430   64.5612 -10.792     2658.62 0.033
    655.361    158.606    662.828    164.608    -10.240  -10.269    0.001 -0.003   -0.001  0.003    0.022      655.361  158.606    662.8279  164.6080           662.8279  164.6080 -10.269  661.3586   53.3672 -10.263     1691.11 0.037
    876.284    160.249    883.756    166.267    -10.204  -10.186    0.002  0.004   -0.002 -0.004   -0.025      876.284  160.249    883.7557  166.2673           883.7557  166.2673 -10.186  883.3062   41.7326 -10.178     1753.15 0.045
    444.136    161.503    451.603    167.502    -10.618  -10.611    0.003  0.002   -0.003 -0.002   -0.014      444.136  161.503    451.6031  167.5018           451.6031  167.5018 -10.611  448.9116   69.0244 -10.606     2865.72 0.041
    653.236    170.843    660.697    176.845    -10.200  -10.208   -0.005 -0.003    0.005  0.003    0.001      653.236  170.843    660.6969  176.8446           660.6969  176.8446 -10.208  659.1656   65.6864 -10.202     1789.60 0.041
    430.910    176.055    438.373    182.079    -10.412  -10.410   -0.000  0.029    0.000 -0.029   -0.009      430.910  176.055    438.3726  182.0792           438.3726  182.0792 -10.410  435.5251   84.3573 -10.406     1887.39 0.038
    573.585    183.488    581.054    189.479    -10.755  -10.764    0.004 -0.011   -0.004  0.011    0.002      573.585  183.488    581.0541  189.4789           581.0541  189.4789 -10.764  579.0354   83.0931 -10.758     3277.85 0.038
    426.565    186.530    434.025    192.529    -10.280  -10.283   -0.003  0.003    0.003 -0.003   -0.004      426.565  186.530    434.0252  192.5285           434.0252  192.5285 -10.283  431.0978   95.0385 -10.279     2101.10 0.020
    665.868    186.913    673.339    192.913    -10.985  -10.996    0.005 -0.005   -0.005  0.005    0.004      665.868  186.913    673.3387  192.9134           673.3387  192.9134 -10.996  671.8062   80.9308 -10.990     3961.43 0.066
    998.250    188.297   1005.714    194.326    -10.246  -10.251   -0.007  0.011    0.007 -0.011   -0.002      998.250  188.297   1005.7136  194.3261          1005.7136  194.3261 -10.251 1005.6192   62.3059 -10.241     1748.60 0.054
    784.218    194.889    791.681    200.897    -11.004  -11.005   -0.005 -0.001    0.005  0.001   -0.006      784.218  194.889    791.6806  200.8969           791.6806  200.8969 -11.005  790.7259   81.7651 -10.998     3736.12 0.030
    404.230    195.577    411.695    201.565    -10.000  -10.004    0.002 -0.006   -0.002  0.006   -0.003      404.230  195.577    411.6949  201.5649           411.6949  201.5649 -10.004  408.5742  105.4031 -10.000     1285.20 0.032
    468.775    196.746    476.242    202.744    -12.751  -12.756    0.003  0.001   -0.003 -0.001   -0.002      468.775  196.746    476.2418  202.7438           476.2418  202.7438 -12.756  473.5342  102.6631 -12.752    15867.93 0.022
    896.751    197.608    904.220    203.623    -11.207  -11.215   -0.000  0.001    0.000 -0.001    0.000      896.751  197.608    904.2197  203.6230           904.2197  203.6230 -11.215  903.7249   77.6882 -11.207     4448.74 0.032
    476.814    202.849    484.279    208.840    -10.572  -10.583    0.002 -0.005   -0.002  0.005    0.004      476.814  202.849    484.2792  208.8403           484.2792  208.8403 -10.583  481.5926  108.2534 -10.579     2317.68 0.032
    241.833    207.004    249.277    212.965    -10.344  -10.370   -0.016 -0.025    0.016  0.025    0.019      241.833  207.004    249.2770  212.9652           249.2770  212.9652 -10.370  244.9045  126.6354 -10.368     2027.28 0.037
    349.459    210.191    356.914    216.191    -10.070  -10.066   -0.007  0.009    0.007 -0.009   -0.012      349.459  210.191    356.9145  216.1908           356.9145  216.1908 -10.066  353.3364  123.3144 -10.063     1415.20 0.037
    886.559    211.542    894.040    217.549    -10.516  -10.517    0.012 -0.006   -0.012  0.006   -0.006      886.559  211.542    894.0396  217.5486           894.0396  217.5486 -10.517  893.4564   92.1697 -10.509     2288.46 0.042
    358.675    217.093    366.144    223.078    -12.297  -12.300    0.006 -0.006   -0.006  0.006   -0.004      358.675  217.093    366.1437  223.0778           366.1437  223.0778 -12.300  362.5960  129.6229 -12.298    10631.54 0.025
    547.902    218.551    555.360    224.555    -10.163  -10.165   -0.007  0.006    0.007 -0.006   -0.005      547.902  218.551    555.3603  224.5550           555.3603  224.5550 -10.165  553.0339  119.6071 -10.160     1665.21 0.042
    385.939    222.373    393.404    228.372    -10.444  -10.438    0.002  0.007   -0.002 -0.007   -0.013      385.939  222.373    393.4041  228.3718           393.4041  228.3718 -10.438  390.0217  133.2471 -10.435     2366.59 0.038
    314.598    225.659    322.038    231.628    -10.787  -10.791   -0.022 -0.020    0.022  0.020   -0.003      314.598  225.659    322.0383  231.6281           322.0383  231.6281 -10.791  318.1252  140.8316 -10.788     3198.99 0.040
    430.274    228.931    437.738    234.928    -10.185  -10.185    0.001  0.003   -0.001 -0.003   -0.007      430.274  228.931    437.7380  234.9283           437.7380  234.9283 -10.185  434.6249  137.0920 -10.182     1677.43 0.047
    696.552    236.335    704.020    242.336    -11.544  -11.547    0.002 -0.003   -0.002  0.003   -0.004      696.552  236.335    704.0204  242.3362           704.0204  242.3362 -11.547  702.4872  128.3470 -11.541     5280.10 0.023
    481.007    240.042    488.478    246.046    -10.058  -10.064    0.008  0.009   -0.008 -0.009   -0.001      481.007  240.042    488.4780  246.0460           488.4780  246.0460 -10.064  485.6401  145.0930 -10.060     1529.13 0.043
    892.674    241.196    900.145    247.213    -12.675  -12.682    0.002  0.006   -0.002 -0.006    0.000      892.674  241.196    900.1455  247.2134           900.1455  247.2134 -12.682  899.4866  121.3427 -12.674    14910.21 0.027
    697.056    244.317    704.520    250.316    -11.796  -11.809   -0.002 -0.004    0.002  0.004    0.005      697.056  244.317    704.5202  250.3158           704.5202  250.3158 -11.809  702.9576  136.2689 -11.803     8251.73 0.020
    860.975    249.464    868.442    255.464    -10.728  -10.745   -0.001 -0.010    0.001  0.010    0.010      860.975  249.464    868.4425  255.4641           868.4425  255.4641 -10.745  867.6214  131.4790 -10.737     2526.14 0.031
    262.312    259.408    269.769    265.408    -10.904  -10.904   -0.004  0.015    0.004 -0.015   -0.007      262.312  259.408    269.7691  265.4079           269.7691  265.4079 -10.904  265.2719  177.7150 -10.903     3427.52 0.028
    205.948    259.653    213.415    265.648    -10.668  -10.671    0.008  0.012   -0.008 -0.012   -0.005      205.948  259.653    213.4153  265.6479           213.4153  265.6479 -10.671  208.4590  181.3869 -10.670     2328.14 0.031
    725.038    261.007    732.506    267.006    -11.777  -11.782    0.002 -0.005   -0.002  0.005   -0.003      725.038  261.007    732.5065  267.0060           732.5065  267.0060 -11.782  731.0197  151.2073 -11.776     8225.42 0.025
    277.706    265.214    285.172    271.181    -11.484  -11.496    0.005 -0.018   -0.005  0.018    0.005      277.706  265.214    285.1723  271.1809           285.1723  271.1809 -11.496  280.7657  182.5389 -11.495     5373.11 0.026
    975.357    268.372    982.830    274.386    -12.958  -12.961    0.004 -0.000   -0.004  0.000   -0.004      975.357  268.372    982.8304  274.3858           982.8304  274.3858 -12.961  982.4051  143.4011 -12.953    18631.79 0.037
    261.811    276.586    269.299    282.552    -10.807  -10.816    0.027 -0.019   -0.027  0.019    0.002      261.811  276.586    269.2992  282.5518           269.2992  282.5518 -10.816  264.7047  194.8556 -10.814     3287.24 0.045
    288.273    280.939    295.728    286.930    -11.172  -11.186   -0.005  0.006    0.005 -0.006    0.007      288.273  280.939    295.7285  286.9300           295.7285  286.9300 -11.186  291.3200  197.6146 -11.185     3301.39 0.278
    585.819    281.049    593.289    287.036    -12.637  -12.648    0.005 -0.010   -0.005  0.010    0.004      585.819  281.049    593.2889  287.0365           593.2889  287.0365 -12.648  590.9104  179.5957 -12.643    16358.70 0.018
     40.104    281.719     47.536    287.688    -11.328  -11.322   -0.026 -0.006    0.026  0.006   -0.013       40.104  281.719     47.5357  287.6883            47.5357  287.6883 -11.322   40.9964  213.5181 -11.323     4609.40 0.026
    765.492    286.487    772.967    292.490    -10.646  -10.637    0.009 -0.002   -0.009  0.002   -0.016      765.492  286.487    772.9673  292.4903           772.9673  292.4903 -10.637  771.5822  174.1525 -10.631     2572.86 0.034
    952.904    287.647    960.366    293.659    -12.185  -12.188   -0.007 -0.001    0.007  0.001   -0.004      952.904  287.647    960.3662  293.6586           960.3662  293.6586 -12.188  959.7941  163.9578 -12.180    11878.37 0.033
    192.092    297.848    199.546    303.847    -10.295  -10.318   -0.005  0.018    0.005 -0.018    0.016      192.092  297.848    199.5457  303.8466           199.5457  303.8466 -10.318  194.2575  220.3721 -10.318     1836.82 0.035
    604.588    297.951    612.072    303.934    -10.012   -9.998    0.019 -0.014   -0.019  0.014   -0.021      604.588  297.951    612.0716  303.9341           612.0716  303.9341  -9.998  609.7318  195.3060  -9.993     1405.82 0.044
    861.916    298.909    869.387    304.918    -10.267  -10.264    0.003  0.000   -0.003 -0.000   -0.010      861.916  298.909    869.3869  304.9175           869.3869  304.9175 -10.264  868.3981  180.6892 -10.257     1733.75 0.033
    271.633    302.433    279.111    308.438    -10.624  -10.632    0.017  0.021   -0.017 -0.021    0.001      271.633  302.433    279.1105  308.4378           279.1105  308.4378 -10.632  274.4539  220.0976 -10.631     2408.82 0.049
    197.351    302.894    204.812    308.875    -11.047  -11.056    0.001 -0.000   -0.001  0.000    0.002      197.351  302.894    204.8116  308.8746           204.8116  308.8746 -11.056  199.5397  225.0714 -11.056     3598.93 0.044
    787.681    314.741    795.159    320.725    -10.080  -10.102    0.011 -0.020   -0.011  0.020    0.015      787.681  314.741    795.1593  320.7249           795.1593  320.7249 -10.102  793.7756  200.9480 -10.096     1739.09 0.049
    559.503    320.553    566.970    326.538    -10.085  -10.098    0.003 -0.010   -0.003  0.010    0.006      559.503  320.553    566.9698  326.5379           566.9698  326.5379 -10.098  564.2550  220.5953 -10.094     1504.79 0.042
     54.270    329.129     61.728    335.108    -11.108  -11.103    0.000  0.005   -0.000 -0.005   -0.012       54.270  329.129     61.7281  335.1076            61.7281  335.1076 -11.103   55.0315  260.0198 -11.104     4533.85 0.026
    707.645    329.204    715.110    335.202    -11.816  -11.821   -0.000 -0.003    0.000  0.003   -0.002      707.645  329.204    715.1101  335.2019           715.1101  335.2019 -11.821  713.2669  220.2449 -11.817     7924.32 0.023
    971.739    340.431    979.209    346.441    -11.739  -11.744    0.001 -0.001   -0.001  0.001   -0.002      971.739  340.431    979.2091  346.4406           979.2091  346.4406 -11.744  978.5422  215.3945 -11.737     6373.97 0.025
    356.822    341.646    364.272    347.636    -10.033  -10.049   -0.011  0.004    0.011 -0.004    0.009      356.822  341.646    364.2718  347.6357           364.2718  347.6357 -10.049  360.0705  254.0242 -10.048     1688.81 0.041
    523.138    344.737    530.621    350.714    -11.096  -11.099    0.020 -0.015   -0.020  0.015   -0.004      523.138  344.737    530.6208  350.7144           530.6208  350.7144 -11.099  527.5617  246.9306 -11.096     3749.35 0.091
     94.567    358.321    102.029    364.297    -10.575  -10.585    0.005  0.002   -0.005 -0.002    0.003       94.567  358.321    102.0293  364.2973           102.0293  364.2973 -10.585   95.5308  286.7172 -10.586     2244.28 0.041
    764.690    358.614    772.158    364.611    -11.336  -11.346    0.002 -0.005   -0.002  0.005    0.003      764.690  358.614    772.1581  364.6106           772.1581  364.6106 -11.346  770.4971  246.0982 -11.341     4657.72 0.023
    593.525    360.071    600.989    366.058    -12.146  -12.157   -0.001 -0.007    0.001  0.007    0.004      593.525  360.071    600.9885  366.0580           600.9885  366.0580 -12.157  598.3131  257.9495 -12.154    11077.73 0.015
     97.872    364.409    105.342    370.382    -10.437  -10.456    0.012 -0.001   -0.012  0.001    0.012       97.872  364.409    105.3422  370.3822           105.3422  370.3822 -10.456   98.8381  292.5940 -10.458     1976.57 0.137
    339.331    368.821    346.795    374.784    -10.100  -10.112    0.002 -0.021   -0.002  0.021    0.005      339.331  368.821    346.7947  374.7835           346.7947  374.7835 -10.112  342.3193  282.1965 -10.111     1622.75 0.055
    280.546    380.895    287.994    386.888    -10.278  -10.287   -0.012  0.013    0.012 -0.013    0.002      280.546  380.895    287.9944  386.8881           287.9944  386.8881 -10.287  282.9858  297.8879 -10.287     2014.07 0.037
    478.393    385.918    485.849    391.910    -10.188  -10.191   -0.007  0.003    0.007 -0.003   -0.004      478.393  385.918    485.8490  391.9100           485.8490  391.9100 -10.191  482.3019  290.7808 -10.189     1741.84 0.036
    319.514    390.081    327.001    396.050    -10.066  -10.079    0.026 -0.013   -0.026  0.013    0.006      319.514  390.081    327.0009  396.0498           327.0009  396.0498 -10.079  322.2585  304.6453 -10.079     1564.40 0.049
    485.564    389.899    493.025    395.891    -10.660  -10.663   -0.002  0.003    0.002 -0.003   -0.004      485.564  389.899    493.0246  395.8907           493.0246  395.8907 -10.663  489.5074  294.3152 -10.661     2364.73 0.034
    144.676    392.523    152.125    398.486    -13.366  -13.364   -0.010 -0.011    0.010  0.011   -0.009      144.676  392.523    152.1248  398.4864           152.1248  398.4864 -13.364  145.8823  317.8088 -13.365    34537.55 0.027
     34.759    396.142     42.223    402.130    -10.142  -10.122    0.007  0.018   -0.007 -0.018   -0.027       34.759  396.142     42.2230  402.1300            42.2230  402.1300 -10.122   34.9311  328.1910 -10.125     1816.36 0.066
    526.474    397.118    533.929    403.098    -10.543  -10.510   -0.008 -0.011    0.008  0.011   -0.040      526.474  397.118    533.9292  403.0978           533.9292  403.0978 -10.510  530.6517  299.0056 -10.507     2386.03 0.032
    965.938    396.677    973.428    402.685    -10.631  -10.645    0.021 -0.000   -0.021  0.000    0.007      965.938  396.677    973.4278  402.6848           973.4278  402.6848 -10.645  972.5599  271.7914 -10.639     2523.55 0.032
    828.169    418.063    835.626    424.073    -11.736  -11.745   -0.010  0.008    0.010 -0.008    0.002      828.169  418.063    835.6261  424.0732           835.6261  424.0732 -11.745  834.0594  301.5270 -11.740     6836.98 0.020
    435.159    421.523    442.606    427.511    -11.022  -11.025   -0.016  0.002    0.016 -0.002   -0.004      435.159  421.523    442.6056  427.5109           442.6056  427.5109 -11.025  438.5835  328.9716 -11.023     3593.42 0.028
    335.060    426.032    342.518    432.018    -11.342  -11.346   -0.002  0.005    0.002 -0.005   -0.003      335.060  426.032    342.5182  432.0181           342.5182  432.0181 -11.346  337.7103  339.6162 -11.346     4690.14 0.029
    755.552    426.073    763.021    432.064    -10.381  -10.371    0.003 -0.007   -0.003  0.007   -0.017      755.552  426.073    763.0207  432.0644           763.0207  432.0644 -10.371  761.0549  313.9299 -10.367     2287.52 0.036
    519.668    429.462    527.143    435.451    -10.453  -10.459    0.012  0.001   -0.012 -0.001   -0.001      519.668  429.462    527.1431  435.4511           527.1431  435.4511 -10.459  523.6740  331.7179 -10.457     2242.14 0.037
    950.584    436.708    958.060    442.712    -10.481  -10.479    0.008 -0.001   -0.008  0.001   -0.009      950.584  436.708    958.0600  442.7125           958.0600  442.7125 -10.479  956.9977  312.6317 -10.473     2343.93 0.041
    719.545    438.252    726.995    444.251    -10.073  -10.065   -0.015  0.003    0.015 -0.003   -0.015      719.545  438.252    726.9952  444.2509           726.9952  444.2509 -10.065  724.7842  328.2896 -10.062     1538.99 0.032
    148.898    442.987    156.349    448.959    -10.021  -10.022   -0.007 -0.001    0.007  0.001   -0.006      148.898  442.987    156.3488  448.9586           156.3488  448.9586 -10.022  149.8542  367.9888 -10.024     1621.00 0.039
    368.284    444.063    375.791    450.108    -11.285  -11.379    0.046  0.063   -0.046 -0.063    0.087      368.284  444.063    375.7905  450.1077           375.7905  450.1077 -11.379  371.1508  355.6403 -11.379     4578.92 0.186
    685.787    444.024    693.247    450.024    -10.005  -10.009   -0.004  0.006    0.004 -0.006   -0.003      685.787  444.024    693.2473  450.0241           693.2473  450.0241 -10.009  690.7853  336.0888 -10.005     1604.76 0.031
    887.820    445.803    895.278    451.809    -10.649  -10.662   -0.010  0.004    0.010 -0.004    0.006      887.820  445.803    895.2777  451.8092           895.2777  451.8092 -10.662  893.9004  325.5424 -10.657     2498.51 0.057
    531.214    459.732    538.676    465.721    -10.749  -10.747   -0.000  0.001    0.000 -0.001   -0.010      531.214  459.732    538.6760  465.7206           538.6760  465.7206 -10.747  535.1492  361.2326 -10.746     3007.71 0.033
    668.960    467.880    676.429    473.877    -11.335  -11.341    0.005  0.004   -0.005 -0.004   -0.002      668.960  467.880    676.4292  473.8769           676.4292  473.8769 -11.341  673.7683  360.9215 -11.339     5264.56 0.018
    523.870    470.591    531.334    476.578    -10.673  -10.688    0.001  0.000   -0.001 -0.000    0.008      523.870  470.591    531.3337  476.5783           531.3337  476.5783 -10.688  527.7070  372.5253 -10.686     2540.01 0.040
     89.575    476.394     97.018    482.353    -10.509  -10.526   -0.014 -0.009    0.014  0.009    0.010       89.575  476.394     97.0180  482.3534            97.0180  482.3534 -10.526   89.7703  405.0234 -10.528     2587.42 0.043
    249.335    488.828    256.789    494.800    -10.095  -10.107   -0.005 -0.003    0.005  0.003    0.004      249.335  488.828    256.7891  494.8001           256.7891  494.8001 -10.107  250.9333  407.6219 -10.109     1584.48 0.029
    890.325    489.480    897.789    495.494    -12.232  -12.232   -0.003  0.013    0.003 -0.013   -0.007      890.325  489.480    897.7893  495.4940           897.7893  495.4940 -12.232  896.2763  368.9589 -12.227    12088.53 0.012
    982.930    491.356    990.399    497.361    -10.502  -10.503    0.001  0.000   -0.001 -0.000   -0.006      982.930  491.356    990.3992  497.3611           990.3992  497.3611 -10.503  989.3005  365.1451 -10.497     2315.06 0.028
    308.300    493.261    315.764    499.254    -10.278  -10.299    0.005  0.016   -0.005 -0.016    0.014      308.300  493.261    315.7645  499.2540           315.7645  499.2540 -10.299  310.3857  408.4362 -10.299     1652.16 0.033
    112.754    494.525    120.224    500.505    -10.293  -10.298    0.013  0.011   -0.013 -0.011   -0.002      112.754  494.525    120.2237  500.5051           120.2237  500.5051 -10.298  113.0912  421.7448 -10.300     2013.25 0.036
    411.141    498.496    418.585    504.463    -10.610  -10.597   -0.016 -0.014    0.016  0.014   -0.020      411.141  498.496    418.5854  504.4629           418.5854  504.4629 -10.597  414.0027  407.3039 -10.596     2623.16 0.027
    719.796    504.032    727.263    510.023    -10.330  -10.324    0.003 -0.002   -0.003  0.002   -0.013      719.796  504.032    727.2632  510.0234           727.2632  510.0234 -10.324  724.7881  393.9125 -10.321     2050.33 0.039
    411.298    509.403    418.764    515.399    -10.403  -10.409    0.006  0.016   -0.006 -0.016   -0.002      411.298  509.403    418.7643  515.3995           418.7643  515.3995 -10.409  414.1299  418.2194 -10.408     2235.71 0.037
    259.921    514.801    267.383    520.756    -10.588  -10.597    0.004 -0.019   -0.004  0.019    0.002      259.921  514.801    267.3831  520.7565           267.3831  520.7565 -10.597  261.4781  432.9126 -10.598     2248.59 0.075
    276.391    516.767    283.868    522.737    -10.263  -10.263    0.018 -0.005   -0.018  0.005   -0.007      276.391  516.767    283.8684  522.7366           283.8684  522.7366 -10.263  278.0951  433.8739 -10.264     1951.32 0.043
    954.004    516.983    961.448    522.969    -10.131  -10.161   -0.024 -0.016    0.024  0.016    0.023      954.004  516.983    961.4478  522.9687           961.4478  522.9687 -10.161  960.1393  392.4610 -10.156     1543.01 0.029
    489.594    519.213    497.043    525.186    -10.781  -10.793   -0.013 -0.011    0.013  0.011    0.005      489.594  519.213    497.0434  525.1860           497.0434  525.1860 -10.793  492.9495  423.1808 -10.792     3274.62 0.030
    515.803    520.591    523.265    526.588    -10.475  -10.477    0.000  0.012   -0.000 -0.012   -0.005      515.803  520.591    523.2649  526.5878           523.2649  526.5878 -10.477  519.3533  422.9682 -10.476     2276.50 0.033
    809.801    521.257    817.261    527.247    -11.216  -11.236   -0.006 -0.006    0.006  0.006    0.013      809.801  521.257    817.2607  527.2470           817.2607  527.2470 -11.236  815.2267  405.5790 -11.232     4301.78 0.037
    970.657    528.171    978.130    534.177    -10.555  -10.570    0.005  0.003   -0.005 -0.003    0.008      970.657  528.171    978.1295  534.1766           978.1295  534.1766 -10.570  976.8593  402.6173 -10.565     2244.35 0.129
    420.574    541.402    428.022    547.363    -10.148  -10.161   -0.013 -0.018    0.013  0.018    0.006      420.574  541.402    428.0215  547.3632           428.0215  547.3632 -10.161  423.3043  449.5868 -10.161     1553.58 0.032
    985.042    540.510    992.503    546.532    -10.751  -10.760   -0.007  0.019    0.007 -0.019    0.002      985.042  540.510    992.5026  546.5317           992.5026  546.5317 -10.760  991.2590  414.0590 -10.754     3066.19 0.023
    466.026    549.986    473.474    555.968    -10.069  -10.082   -0.014  0.000    0.014 -0.000    0.006      466.026  549.986    473.4736  555.9678           473.4736  555.9678 -10.082  469.0613  455.3854 -10.081     1486.61 0.034
    947.227    553.400    954.696    559.390    -10.389  -10.404    0.001 -0.011   -0.001  0.011    0.007      947.227  553.400    954.6962  559.3896           954.6962  559.3896 -10.404  953.2399  429.2101 -10.399     2121.14 0.027
    417.706    562.308    425.165    568.293    -10.849  -10.864   -0.002  0.007    0.002 -0.007    0.008      417.706  562.308    425.1646  568.2934           425.1646  568.2934 -10.864  420.3242  470.6791 -10.864     2998.87 0.042
    762.072    568.356    769.534    574.347    -10.012  -10.033   -0.003 -0.002    0.003  0.002    0.013      762.072  568.356    769.5344  574.3466           769.5344  574.3466 -10.033  767.0583  455.5275 -10.030     1416.68 0.037
    372.106    568.628    379.560    574.600    -10.780  -10.784   -0.007 -0.004    0.007  0.004   -0.003      372.106  568.628    379.5596  574.6000           379.5596  574.6000 -10.784  374.3210  479.8016 -10.785     2937.00 0.026
    721.644    571.893    729.101    577.887    -10.417  -10.430   -0.007  0.003    0.007 -0.003    0.006      721.644  571.893    729.1013  577.8866           729.1013  577.8866 -10.430  726.3745  461.5511 -10.427     1884.58 0.031
    173.858    573.146    181.310    579.106    -11.124  -11.134   -0.005 -0.008    0.005  0.008    0.002      173.858  573.146    181.3097  579.1064           181.3097  579.1064 -11.134  174.3015  496.5811 -11.137     3753.48 0.051
    358.805    578.872    366.258    584.847    -11.187  -11.187   -0.007 -0.001    0.007  0.001   -0.007      358.805  578.872    366.2582  584.8473           366.2582  584.8473 -11.187  360.8580  490.8682 -11.188     4676.58 0.036
    227.990    588.965    235.457    594.932    -10.620  -10.626    0.008 -0.003   -0.008  0.003   -0.001      227.990  588.965    235.4565  594.9317           235.4565  594.9317 -10.626  228.8613  509.0540 -10.628     2865.86 0.037
    563.732    588.696    571.202    594.676    -10.960  -10.976    0.008 -0.003   -0.008  0.003    0.009      563.732  588.696    571.2022  594.6764           571.2022  594.6764 -10.976  567.3236  488.0362 -10.975     3756.16 0.027
    519.363    592.496    526.831    598.481    -11.570  -11.580    0.007  0.003   -0.007 -0.003    0.003      519.363  592.496    526.8314  598.4805           526.8314  598.4805 -11.580  522.6144  494.5788 -11.580     5416.48 0.029
    187.933    595.554    195.409    601.524    -10.404  -10.418    0.018  0.002   -0.018 -0.002    0.007      187.933  595.554    195.4089  601.5242           195.4089  601.5242 -10.418  188.4061  518.1318 -10.421     2009.39 0.038
    636.678    600.846    644.136    606.836    -10.232  -10.255   -0.006  0.004    0.006 -0.004    0.016      636.678  600.846    644.1357  606.8359           644.1357  606.8359 -10.255  640.7085  495.6788 -10.254     1776.32 0.036
    310.334    604.843    317.798    610.818    -10.454  -10.441    0.005  0.003   -0.005 -0.003   -0.020      310.334  604.843    317.7977  610.8179           317.7977  610.8179 -10.441  311.8503  519.8367 -10.443     2335.52 0.037
     92.456    607.136     99.907    613.095    -12.790  -12.792   -0.005 -0.004    0.005  0.004   -0.005       92.456  607.136     99.9068  613.0954            99.9068  613.0954 -12.792   91.9109  535.6334 -12.795    19048.27 0.026
    675.985    608.934    683.457    614.922    -10.581  -10.605    0.008  0.001   -0.008 -0.001    0.017      675.985  608.934    683.4571  614.9221           683.4571  614.9221 -10.605  680.2556  501.3275 -10.604     2324.15 0.032
    854.470    611.849    861.943    617.854    -11.504  -11.522    0.008  0.011   -0.008 -0.011    0.011      854.470  611.849    861.9435  617.8540           861.9435  617.8540 -11.522  859.8154  493.2746 -11.519     6007.61 0.023
    376.061    630.191    383.516    636.158    -10.347  -10.347   -0.005 -0.006    0.005  0.006   -0.007      376.061  630.191    383.5157  636.1584           383.5157  636.1584 -10.347  378.0008  541.1025 -10.348     2152.47 0.035
    319.856    632.268    327.311    638.246    -10.191  -10.198   -0.004  0.007    0.004 -0.007    0.000      319.856  632.268    327.3107  638.2462           327.3107  638.2462 -10.198  321.3037  546.6787 -10.200     1681.08 0.032
    692.550    648.202    700.002    654.204    -10.464  -10.445   -0.011  0.016    0.011 -0.016   -0.026      692.550  648.202    700.0023  654.2041           700.0023  654.2041 -10.445  696.7494  539.5498 -10.443     1811.19 0.166
    771.704    648.809    779.170    654.789    -10.611  -10.612    0.001 -0.009   -0.001  0.009   -0.006      771.704  648.809    779.1697  654.7889           779.1697  654.7889 -10.612  776.4447  535.2667 -10.609     2308.62 0.039
    989.044    650.150    996.513    656.148    -12.004  -12.009    0.002  0.000   -0.002 -0.000   -0.002      989.044  650.150    996.5131  656.1483           996.5131  656.1483 -12.009  994.9513  523.1954 -12.004     9904.09 0.020
    743.778    653.224    751.250    659.211    -10.165  -10.162    0.008 -0.001   -0.008  0.001   -0.010      743.778  653.224    751.2500  659.2112           751.2500  659.2112 -10.162  748.3409  541.4094 -10.160     1555.50 0.049
    554.524    657.627    561.980    663.607    -12.451  -12.457   -0.006  0.001    0.006 -0.001   -0.001      554.524  657.627    561.9798  663.6075           561.9798  663.6075 -12.457  557.7294  557.4923 -12.457    12273.71 0.032
    710.142    662.850    717.617    668.828    -10.243  -10.248    0.011 -0.008   -0.011  0.008   -0.003      710.142  662.850    717.6173  668.8282           717.6173  668.8282 -10.248  714.4611  553.0968 -10.247     1660.33 0.040
    800.065    673.996    807.519    680.007    -10.509  -10.513   -0.010  0.021    0.010 -0.021   -0.003      800.065  673.996    807.5192  680.0073           807.5192  680.0073 -10.513  804.8654  558.7055 -10.510     2356.70 0.036
    411.001    676.943    418.491    682.942    -10.120  -10.125    0.030  0.025   -0.030 -0.025   -0.002      411.001  676.943    418.4909  682.9415           418.4909  682.9415 -10.125  413.0340  585.7181 -10.127     1660.81 0.048
    265.979    677.690    273.445    683.661    -10.848  -10.779    0.008  0.004   -0.008 -0.004   -0.076      265.979  677.690    273.4450  683.6610           273.4450  683.6610 -10.779  266.7153  595.4613 -10.782     2746.76 0.038
    912.203    681.025    919.663    687.028    -10.763  -10.767   -0.007  0.009    0.007 -0.009   -0.003      912.203  681.025    919.6626  687.0279           919.6626  687.0279 -10.767  917.6103  558.7793 -10.763     2778.68 0.038
    126.859    688.668    134.294    694.643    -10.414  -10.428   -0.021  0.013    0.021 -0.013    0.007      126.859  688.668    134.2939  694.6426           134.2939  694.6426 -10.428  126.1638  615.1172 -10.432     2289.13 0.032
    897.280    701.805    904.747    707.793    -11.418  -11.435    0.002 -0.004   -0.002  0.004    0.010      897.280  701.805    904.7467  707.7929           904.7467  707.7929 -11.435  902.5440  580.4418 -11.432     4579.41 0.028
    747.699    704.561    755.157    710.548    -11.372  -11.381   -0.005  0.001    0.005 -0.001    0.002      747.699  704.561    755.1570  710.5479           755.1570  710.5479 -11.381  752.0706  592.4602 -11.380     4826.50 0.019
    186.985    708.156    194.444    714.134    -10.088  -10.082    0.002  0.015   -0.002 -0.015   -0.013      186.985  708.156    194.4441  714.1338           194.4441  714.1338 -10.082  186.7954  630.8814 -10.086     1716.72 0.042
    413.053    707.732    420.507    713.706    -10.835  -10.840   -0.005  0.002    0.005 -0.002   -0.002      413.053  707.732    420.5068  713.7059           420.5068  713.7059 -10.840  414.9143  616.3657 -10.842     3100.48 0.027
    520.853    710.800    528.299    716.759    -10.309  -10.313   -0.014 -0.018    0.014  0.018   -0.003      520.853  710.800    528.2995  716.7585           528.2995  716.7585 -10.313  523.5581  612.7169 -10.314     1777.25 0.048
    265.681    712.834    273.146    718.810    -10.699  -10.720    0.008  0.010   -0.008 -0.010    0.014      265.681  712.834    273.1457  718.8104           273.1457  718.8104 -10.720  266.2240  630.6556 -10.723     2707.96 0.041
    380.711    716.159    388.196    722.118    -10.036  -10.053    0.026 -0.012   -0.026  0.012    0.010      380.711  716.159    388.1960  722.1176           388.1960  722.1176 -10.053  382.2875  626.7939 -10.055     1581.13 0.028
    935.296    717.682    942.759    723.674    -10.598  -10.606   -0.003 -0.001    0.003  0.001    0.001      935.296  717.682    942.7593  723.6740           942.7593  723.6740 -10.606  940.7099  593.9469 -10.603     2619.55 0.034
    633.063    719.618    640.518    725.572    -10.703  -10.724   -0.006 -0.027    0.006  0.027    0.014      633.063  719.618    640.5183  725.5725           640.5183  725.5725 -10.724  636.5701  614.5639 -10.724     2365.47 0.038
    649.737    721.685    657.195    727.654    -11.060  -11.062   -0.004 -0.013    0.004  0.013   -0.005      649.737  721.685    657.1954  727.6539           657.1954  727.6539 -11.062  653.3560  615.6098 -11.062     3584.43 0.030
    925.294    721.934    932.759    727.930    -10.403  -10.415   -0.001  0.003    0.001 -0.003    0.004      925.294  721.934    932.7590  727.9298           932.7590  727.9298 -10.415  930.6422  598.8180 -10.412     2039.40 0.035
    713.318    728.282    720.768    734.277    -10.103  -10.119   -0.013  0.011    0.013 -0.011    0.009      713.318  728.282    720.7683  734.2769           720.7683  734.2769 -10.119  717.3664  618.3071 -10.118     1419.50 0.055
    610.319    736.850    617.790    742.818    -11.325  -11.337    0.009 -0.011   -0.009  0.011    0.005      610.319  736.850    617.7899  742.8185           617.7899  742.8185 -11.337  613.6054  633.2178 -11.337     4764.67 0.037
    407.410    742.950    414.884    748.923    -10.023  -10.026    0.015  0.002   -0.015 -0.002   -0.004      407.410  742.950    414.8841  748.9225           414.8841  748.9225 -10.026  409.0707  651.9508 -10.028     1492.11 0.074
    468.100    755.343    475.554    761.315    -11.470  -11.483   -0.006 -0.001    0.006  0.001    0.005      468.100  755.343    475.5542  761.3148           475.5542  761.3148 -11.483  470.1863  660.5690 -11.485     5394.08 0.038
    394.165    756.997    401.587    762.944    -10.161  -10.157   -0.037 -0.022    0.037  0.022   -0.011      394.165  756.997    401.5868  762.9444           401.5868  762.9444 -10.157  395.5896  666.8123 -10.159     1593.87 0.034
    970.981    764.056    978.444    770.050    -12.866  -12.874   -0.003  0.001    0.003 -0.001    0.001      970.981  764.056    978.4440  770.0499           978.4440  770.0499 -12.874  976.4331  638.0532 -12.871    19688.97 0.021
    233.305    764.787    240.747    770.736    -11.245  -11.253   -0.015 -0.013    0.015  0.013    0.001      233.305  764.787    240.7468  770.7361           240.7468  770.7361 -11.253  233.2329  684.6580 -11.257     4587.13 0.027
    201.194    771.017    208.658    776.988    -10.705  -10.701    0.007  0.010   -0.007 -0.010   -0.011      201.194  771.017    208.6578  776.9882           208.6578  776.9882 -10.701  200.7956  692.9240 -10.705     2928.58 0.024
    277.390    774.153    284.845    780.114    -10.937  -10.936   -0.002 -0.003    0.002  0.003   -0.008      277.390  774.153    284.8449  780.1138           284.8449  780.1138 -10.936  277.7008  691.2911 -10.940     3251.08 0.033
    288.487    774.301    295.952    780.267    -11.148  -11.154    0.007  0.002   -0.007 -0.002   -0.001      288.487  774.301    295.9515  780.2674           295.9515  780.2674 -11.154  288.9109  690.7507 -11.158     4453.05 0.026
    586.072    773.918    593.520    779.891    -10.403  -10.418   -0.013 -0.003    0.013  0.003    0.008      586.072  773.918    593.5199  779.8910           593.5199  779.8910 -10.418  588.9930  671.8040 -10.419     2309.65 0.025
    527.957    778.926    535.421    784.903    -10.601  -10.614    0.004  0.002   -0.004 -0.002    0.006      527.957  778.926    535.4210  784.9027           535.4210  784.9027 -10.614  530.4221  680.4373 -10.616     2047.88 0.036
     99.328    780.388    106.790    786.363    -10.021  -10.035    0.008  0.019   -0.008 -0.019    0.007       99.328  780.388    106.7903  786.3626           106.7903  786.3626 -10.035   97.8426  708.6874 -10.040     1528.91 0.038
    494.524    784.411    501.996    790.389    -10.737  -10.732    0.012  0.006   -0.012 -0.006   -0.012      494.524  784.411    501.9956  790.3892           501.9956  790.3892 -10.732  496.7049  688.0120 -10.733     3041.74 0.045
    716.225    787.878    723.688    793.859    -10.151  -10.165   -0.000 -0.001    0.000  0.001    0.007      716.225  787.878    723.6875  793.8590           723.6875  793.8590 -10.165  720.0702  677.6915 -10.165     1782.62 0.040
    338.447    798.941    345.906    804.893    -12.088  -12.097    0.001 -0.013   -0.001  0.013    0.002      338.447  798.941    345.9055  804.8931           345.9055  804.8931 -12.097  339.1978  712.2812 -12.101     9986.04 0.023
     69.133    804.941     76.567    810.892    -10.371  -10.386   -0.021 -0.003    0.021  0.003    0.007       69.133  804.941     76.5669  810.8919            76.5669  810.8919 -10.386   67.1543  735.1571 -10.392     2127.92 0.037
    163.569    805.357    171.025    811.318    -10.739  -10.749    0.000  0.002   -0.000 -0.002    0.003      163.569  805.357    171.0248  811.3176           171.0248  811.3176 -10.749  162.5932  729.6620 -10.754     2409.86 0.083
     77.895    811.507     85.365    817.455    -10.898  -10.897    0.016 -0.007   -0.016  0.007   -0.008       77.895  811.507     85.3654  817.4546            85.3654  817.4546 -10.897   76.0076  741.1813 -10.903     3445.36 0.037
    714.274    813.548    721.738    819.523    -11.247  -11.256    0.002 -0.004   -0.002  0.004    0.002      714.274  813.548    721.7383  819.5233           721.7383  819.5233 -11.256  718.0071  703.4768 -11.256     3940.62 0.084
     36.640    819.676     44.094    825.653    -10.062  -10.081    0.000  0.024   -0.000 -0.024    0.012       36.640  819.676     44.0942  825.6528            44.0942  825.6528 -10.081   34.2415  751.9863 -10.088     1612.99 0.049
    145.968    822.743    153.418    828.703    -10.606  -10.604   -0.004  0.004    0.004 -0.004   -0.009      145.968  822.743    153.4184  828.7034           153.4184  828.7034 -10.604  144.7073  748.1830 -10.610     2563.95 0.036
     62.289    829.424     69.741    835.370    -10.440  -10.453   -0.002 -0.007    0.002  0.007    0.006       62.289  829.424     69.7409  835.3703            69.7409  835.3703 -10.453   60.1082  760.1147 -10.459     2200.01 0.154
    982.944    831.505    990.413    837.488    -10.107  -10.108    0.003 -0.007   -0.003  0.007   -0.006      982.944  831.505    990.4131  837.4882           990.4131  837.4882 -10.108  988.2520  704.6802 -10.105     1622.23 0.035
    634.555    840.485    642.011    846.447    -10.267  -10.287   -0.005 -0.013    0.005  0.013    0.013      634.555  840.485    642.0113  846.4468           642.0113  846.4468 -10.287  637.5594  735.3594 -10.288     1751.80 0.046
    138.774    842.178    146.235    848.144    -10.191  -10.183    0.007  0.010   -0.007 -0.010   -0.015      138.774  842.178    146.2354  848.1440           146.2354  848.1440 -10.183  137.3377  768.1126 -10.188     1693.39 0.047
     67.270    844.623     74.725    850.567    -11.306  -11.319    0.000 -0.009   -0.000  0.009    0.006       67.270  844.623     74.7248  850.5669            74.7248  850.5669 -11.319   65.0549  775.0317 -11.325     5419.42 0.029
    770.914    845.277    778.376    851.258    -10.638  -10.649   -0.001 -0.000    0.001  0.000    0.004      770.914  845.277    778.3758  851.2579           778.3758  851.2579 -10.649  774.9022  731.6793 -10.649     2689.79 0.031
    448.620    846.691    456.075    852.649    -10.472  -10.481   -0.004 -0.010    0.004  0.010    0.002      448.620  846.691    456.0746  852.6487           456.0746  852.6487 -10.481  450.1077  753.1961 -10.484     2302.84 0.037
     36.860    852.770     44.310    858.722    -12.111  -12.112   -0.004  0.001    0.004 -0.001   -0.006       36.860  852.770     44.3101  858.7221            44.3101  858.7221 -12.112   34.2591  785.1168 -12.119    10432.18 0.025
    394.772    864.907    402.231    870.861    -12.225  -12.234    0.001 -0.010   -0.001  0.010    0.002      394.772  864.907    402.2314  870.8614           402.2314  870.8614 -12.234  395.7032  774.8044 -12.237    11437.11 0.027
    478.783    868.959    486.248    874.916    -10.071  -10.096    0.006 -0.011   -0.006  0.011    0.018      478.783  868.959    486.2481  874.9161           486.2481  874.9161 -10.096  480.4305  773.5981 -10.098     1407.10 0.054
    419.879    870.532    427.344    876.489    -10.697  -10.696    0.006 -0.009   -0.006  0.009   -0.009      419.879  870.532    427.3436  876.4890           427.3436  876.4890 -10.696  421.0127  778.8643 -10.699     3057.31 0.042
    725.156    871.479    732.627    877.468    -12.447  -12.457    0.009  0.012   -0.009 -0.012    0.003      725.156  871.479    732.6268  877.4683           732.6268  877.4683 -12.457  728.7425  760.7519 -12.457    14274.45 0.021
     44.547    876.307     52.011    882.262    -10.204  -10.192    0.011  0.004   -0.011 -0.004   -0.019       44.547  876.307     52.0112  882.2617            52.0112  882.2617 -10.192   41.9024  808.2292 -10.198     1814.12 0.054
    892.674    880.425    900.129    886.418    -10.906  -10.912   -0.010  0.009    0.010 -0.009   -0.001      892.674  880.425    900.1289  886.4180           900.1289  886.4180 -10.912  897.2935  759.2276 -10.910     3311.46 0.023
    538.295    881.419    545.744    887.428    -10.106  -10.101   -0.010  0.039    0.010 -0.039   -0.012      538.295  881.419    545.7443  887.4275           545.7443  887.4275 -10.101  540.3606  782.3944 -10.103     1336.88 0.059
    809.787    881.757    817.254    887.718    -10.581  -10.599    0.004 -0.020   -0.004  0.020    0.011      809.787  881.757    817.2535  887.7179           817.2535  887.7179 -10.599  813.8967  765.7109 -10.599     2674.51 0.031
    198.233    885.362    205.679    891.278    -10.248  -10.259   -0.009 -0.040    0.009  0.040    0.004      198.233  885.362    205.6793  891.2781           205.6793  891.2781 -10.259  197.1456  807.6019 -10.264     1846.83 0.046
    676.266    889.309    683.727    895.286    -10.707  -10.715   -0.000  0.002    0.000 -0.002    0.001      676.266  889.309    683.7270  895.2859           683.7270  895.2859 -10.715  679.3810  781.6114 -10.716     2501.00 0.048
    696.050    891.409    703.503    897.382    -12.673  -12.697   -0.009 -0.002    0.009  0.002    0.017      696.050  891.409    703.5026  897.3824           703.5026  897.3824 -12.697  699.3330  782.4953 -12.698    14998.07 0.023
    102.013    896.657    109.469    902.607    -10.293  -10.280    0.002 -0.001   -0.002  0.001   -0.020      102.013  896.657    109.4695  902.6066           109.4695  902.6066 -10.280   99.8650  825.0088 -10.287     1986.66 0.044
    990.611    899.038    998.070    905.051    -10.083  -10.090   -0.006  0.026    0.006 -0.026    0.000      990.611  899.038    998.0701  905.0514           998.0701  905.0514 -10.090  995.7385  771.7264 -10.088     1475.87 0.097
    502.685    903.401    510.157    909.340    -10.003  -10.021    0.013 -0.028   -0.013  0.028    0.011      502.685  903.401    510.1572  909.3404           510.1572  909.3404 -10.021  504.3798  806.5632 -10.024     1327.34 0.055
    850.020    907.179    857.497    913.162    -10.446  -10.451    0.014  0.002   -0.014 -0.002   -0.002      850.020  907.179    857.4969  913.1621           857.4969  913.1621 -10.451  854.3038  788.6392 -10.450     2140.47 0.029
    789.222    908.964    796.688    914.945    -10.251  -10.288    0.004  0.001   -0.004 -0.001    0.030      789.222  908.964    796.6882  914.9446           796.6882  914.9446 -10.288  793.0948  794.2290 -10.288     1958.27 0.037
    647.611    920.697    655.080    926.668    -10.508  -10.495    0.008 -0.002   -0.008  0.002   -0.020      647.611  920.697    655.0802  926.6681           655.0802  926.6681 -10.495  650.3896  814.8117 -10.496     2197.52 0.057
    370.148    924.306    377.602    930.245    -10.512  -10.541   -0.004 -0.022    0.004  0.022    0.021      370.148  924.306    377.6018  930.2453           377.6018  930.2453 -10.541  370.5499  835.8293 -10.545     2184.40 0.038
    407.353    935.492    414.806    941.462    -10.869  -10.864   -0.005  0.008    0.005 -0.008   -0.012      407.353  935.492    414.8062  941.4619           414.8062  941.4619 -10.864  408.0427  844.7244 -10.868     3371.81 0.031
    265.549    937.872    272.985    943.837    -10.607  -10.595   -0.020  0.009    0.020 -0.009   -0.019      265.549  937.872    272.9848  943.8366           272.9848  943.8366 -10.595  264.8473  856.0367 -10.600     2606.82 0.071
     93.549    946.134    101.016    952.076    -10.203  -10.221    0.013 -0.006   -0.013  0.006    0.011       93.549  946.134    101.0156  952.0761           101.0156  952.0761 -10.221   91.0271  875.1406 -10.228     1787.41 0.071
    754.251    945.869    761.722    951.845    -12.069  -12.076    0.009  0.000   -0.009 -0.000   -0.000      754.251  945.869    761.7218  951.8449           761.7218  951.8449 -12.076  757.7487  833.3376 -12.076     9548.77 0.029
    502.302    947.199    509.751    953.141    -10.254  -10.263   -0.009 -0.023    0.009  0.023    0.002      502.302  947.199    509.7512  953.1414           509.7512  953.1414 -10.263  503.7678  850.4490 -10.266     1607.27 0.146
    782.079    951.278    789.542    957.246    -10.653  -10.655    0.001 -0.009   -0.001  0.009   -0.005      782.079  951.278    789.5424  957.2461           789.5424  957.2461 -10.655  785.7408  836.9962 -10.656     2860.17 0.037
    375.359    974.748    382.829    980.700    -10.384  -10.402    0.013 -0.007   -0.013  0.007    0.011      375.359  974.748    382.8291  980.7001           382.8291  980.7001 -10.402  375.5725  886.0527 -10.406     2012.30 0.040
     60.156    984.058     67.600    990.002    -11.059  -11.062   -0.009 -0.002    0.009  0.002   -0.004       60.156  984.058     67.6000  990.0024            67.6000  990.0024 -11.062   57.0606  915.2796 -11.070     3888.15 0.029
    690.724    989.403    698.187    995.371    -10.735  -10.741    0.001 -0.003   -0.001  0.003   -0.001      690.724  989.403    698.1866  995.3715           698.1866  995.3715 -10.741  693.5402  880.8714 -10.743     2683.16 0.041
    735.610    989.558    743.080    995.524    -10.566  -10.581    0.009 -0.008   -0.009  0.008    0.007      735.610  989.558    743.0804  995.5235           743.0804  995.5235 -10.581  738.8040  878.2208 -10.583     2584.28 0.039
    840.281    990.230    847.742    996.209    -11.417  -11.423   -0.002  0.002    0.002 -0.002   -0.001      840.281  990.230    847.7422  996.2090           847.7422  996.2090 -11.423  844.1873  872.3272 -11.424     5263.91 0.028
    331.617    994.626    339.082   1000.593    -10.301  -10.291    0.009  0.011   -0.009 -0.011   -0.017      331.617  994.626    339.0824 1000.5930           339.0824 1000.5930 -10.291  331.3045  908.7508 -10.296     1890.17 0.040
    904.740    999.134    912.204   1005.103    -10.319  -10.322    0.001 -0.011   -0.001  0.011   -0.004      904.740  999.134    912.2044 1005.1030           912.2044 1005.1030 -10.322  909.0364  877.1733 -10.322     2079.69 0.043
    690.245   1003.170    697.703   1009.115    -10.232  -10.243   -0.003 -0.027    0.003  0.027    0.003      690.245 1003.170    697.7029 1009.1146           697.7029 1009.1146 -10.243  692.9970  894.6608 -10.245     1880.13 0.042
    525.947   1004.676    533.403   1010.660    -10.321  -10.332   -0.003  0.020    0.003 -0.020    0.004      525.947 1004.676    533.4029 1010.6605           533.4029 1010.6605 -10.332  527.3578  906.5710 -10.335     1780.64 0.041
    157.465   1006.247    164.904   1012.200    -10.146  -10.164   -0.015  0.004    0.015 -0.004    0.010      157.465 1006.247    164.9042 1012.2000           164.9042 1012.2000 -10.164  155.3004  931.3912 -10.171     1443.30 0.044
    800.848   1008.042    808.315   1014.047    -10.200  -10.202    0.005  0.029   -0.005 -0.029   -0.006      800.848 1008.042    808.3153 1014.0470           808.3153 1014.0470 -10.202  804.4286  892.6573 -10.203     1580.85 0.075
    825.966   1008.270    833.431   1014.240    -12.421  -12.443    0.003 -0.006   -0.003  0.006    0.015      825.966 1008.270    833.4312 1014.2403           833.4312 1014.2403 -12.443  829.7151  891.2707 -12.443    12456.43 0.114
    794.095   1012.095    801.553   1018.069    -13.143  -13.145   -0.004 -0.001    0.004  0.001   -0.005      794.095 1012.095    801.5527 1018.0688           801.5527 1018.0688 -13.145  797.6042  897.1081 -13.146    24684.74 0.087
    778.880   1012.985    786.347   1018.993    -10.493  -10.499    0.005  0.033   -0.005 -0.033   -0.001      778.880 1012.985    786.3469 1018.9926           786.3469 1018.9926 -10.499  782.2885  898.9897 -10.500     2420.68 0.040
    591.366   1014.508    598.814   1020.478    -10.271  -10.257   -0.012  0.003    0.012 -0.003   -0.022      591.366 1014.508    598.8142 1020.4776           598.8142 1020.4776 -10.257  593.3063  912.2805 -10.260     1641.24 0.071
     19.880   1016.150     27.336   1022.096    -10.789  -10.784    0.004  0.003   -0.004 -0.003   -0.012       19.880 1016.150     27.3360 1022.0965            27.3360 1022.0965 -10.784   16.1021  950.0006 -10.792     3178.48 0.029
    156.729   1017.433    164.186   1023.381    -10.562  -10.589    0.003 -0.000   -0.003  0.000    0.020      156.729 1017.433    164.1860 1023.3809           164.1860 1023.3809 -10.589  154.5115  942.6502 -10.596     2183.64 0.036
     42.611   1018.359     50.067   1024.302    -10.235  -10.229    0.004 -0.001   -0.004  0.001   -0.013       42.611 1018.359     50.0669 1024.3022            50.0669 1024.3022 -10.229   39.1206  950.7987 -10.238     1891.08 0.042
    571.864   1019.988    579.319   1025.951    -13.437  -13.444   -0.004 -0.002    0.004  0.002    0.000      571.864 1019.988    579.3190 1025.9514           579.3190 1025.9514 -13.444  573.6251  918.9931 -13.447    34961.12 0.022
    789.739   1020.222    797.233   1026.187    -11.209  -11.220    0.031 -0.009   -0.031  0.009    0.004      789.739 1020.222    797.2326 1026.1874           797.2326 1026.1874 -11.220  793.2233  905.5061 -11.221     4049.86 0.031
    242.204   1023.442    249.655   1029.402    -10.404  -10.422   -0.004  0.008    0.004 -0.008    0.011      242.204 1023.442    249.6549 1029.4022           249.6549 1029.4022 -10.422  240.8537  943.2809 -10.429     2171.93 0.040
    939.019   1025.349    946.476   1031.330    -10.873  -10.884   -0.007  0.000    0.007 -0.000    0.004      939.019 1025.349    946.4764 1031.3297           946.4764 1031.3297 -10.884  943.4354  901.2578 -10.883     2932.29 0.030
    743.389   1028.202    750.849   1034.188    -10.958  -10.967   -0.001  0.014    0.001 -0.014    0.002      743.389 1028.202    750.8487 1034.1882           750.8487 1034.1882 -10.967  746.4854  916.4252 -10.969     2798.73 0.023
    274.470   1034.888    281.891   1040.827    -10.487  -10.493   -0.034 -0.014    0.034  0.014   -0.001      274.470 1034.888    281.8913 1040.8266           281.8913 1040.8266 -10.493  273.3627  952.6968 -10.499     2158.40 0.033
    767.580   1034.816    775.027   1040.788    -10.348  -10.364   -0.014 -0.000    0.014  0.000    0.009      767.580 1034.816    775.0274 1040.7880           775.0274 1040.7880 -10.364  770.8126  921.5076 -10.365     1912.29 0.040
    590.415   1037.313    597.849   1043.284    -10.434  -10.452   -0.026  0.005    0.026 -0.005    0.011      590.415 1037.313    597.8490 1043.2835           597.8490 1043.2835 -10.452  592.2321  935.1850 -10.456     1903.14 0.118
    173.589   1043.974    181.052   1049.931    -10.576  -10.592    0.009  0.009   -0.009 -0.009    0.008      173.589 1043.974    181.0520 1049.9313           181.0520 1049.9313 -10.592  171.4095  968.2128 -10.599     2221.56 0.034
    242.276   1044.593    249.728   1050.547    -10.422  -10.414   -0.003  0.003    0.003 -0.003   -0.015      242.276 1044.593    249.7278 1050.5473           249.7278 1050.5473 -10.414  240.8130  964.4807 -10.421     1946.87 0.055
    785.903   1048.174    793.342   1054.136    -10.609  -10.621   -0.023 -0.011    0.023  0.011    0.005      785.903 1048.174    793.3421 1054.1361           793.3421 1054.1361 -10.621  789.2061  933.7158 -10.623     2583.97 0.031
    655.997   1054.681    663.457   1060.647    -10.615  -10.615   -0.000 -0.001    0.000  0.001   -0.007      655.997 1054.681    663.4565 1060.6472           663.4565 1060.6472 -10.615  658.2971  948.4344 -10.618     2242.20 0.027
    540.009   1058.060    547.478   1064.034    -10.287  -10.294    0.010  0.011   -0.010 -0.011   -0.000      540.009 1058.060    547.4777 1064.0338           547.4777 1064.0338 -10.294  541.3407  959.1568 -10.298     1830.77 0.048
    138.173   1059.618    145.624   1065.554    -10.354  -10.352   -0.003 -0.010    0.003  0.010   -0.009      138.173 1059.618    145.6236 1065.5537           145.6236 1065.5537 -10.352  135.5071  986.1304 -10.360     1898.70 0.055
    353.105   1066.712    360.565   1072.663    -12.825  -12.834    0.004 -0.004   -0.004  0.004    0.001      353.105 1066.712    360.5651 1072.6626           360.5651 1072.6626 -12.834  352.6645  979.6332 -12.840    18980.64 0.021
    201.965   1073.234    209.412   1079.181    -10.745  -10.735   -0.006 -0.001    0.006  0.001   -0.017      201.965 1073.234    209.4125 1079.1810           209.4125 1079.1810 -10.735  199.9130  995.7556 -10.743     2925.93 0.036
    236.282   1075.983    243.736   1081.933    -11.006  -11.027   -0.001  0.001    0.001 -0.001    0.014      236.282 1075.983    243.7357 1081.9326           243.7357 1081.9326 -11.027  234.5880  996.3391 -11.034     3300.68 0.035
    473.139   1080.421    480.586   1086.382    -11.753  -11.763   -0.010  0.003    0.010 -0.003    0.003      473.139 1080.421    480.5859 1086.3823           480.5859 1086.3823 -11.763  473.7558  985.7832 -11.768     7690.53 0.022
    527.890   1080.661    535.351   1086.629    -11.192  -11.194    0.003  0.007   -0.003 -0.007   -0.005      527.890 1080.661    535.3511 1086.6286           535.3511 1086.6286 -11.194  529.0049  982.5660 -11.198     4305.29 0.023
    880.777   1082.003    888.230   1088.001    -10.094  -10.096   -0.010  0.023    0.010 -0.023   -0.005      880.777 1082.003    888.2298 1088.0012           888.2298 1088.0012 -10.096  884.6213  961.6282 -10.097     1394.19 0.052
    515.024   1084.654    522.486   1090.619    -10.569  -10.574    0.005  0.004   -0.005 -0.004   -0.002      515.024 1084.654    522.4862 1090.6188           522.4862 1090.6188 -10.574  516.0092  987.3787 -10.578     2375.70 0.035
    125.564   1086.218    133.011   1092.147    -10.181  -10.205   -0.007 -0.016    0.007  0.016    0.017      125.564 1086.218    133.0105 1092.1470           133.0105 1092.1470 -10.205  122.6007 1013.6140 -10.214     1617.86 0.053
    344.211   1093.535    351.660   1099.506    -10.151  -10.136   -0.006  0.018    0.006 -0.018   -0.022      344.211 1093.535    351.6603 1099.5057           351.6603 1099.5057 -10.136  343.5329 1007.1166 -10.142     1491.53 0.046
    561.357   1096.629    568.832   1102.583    -10.952  -10.941    0.017 -0.008   -0.017  0.008   -0.018      561.357 1096.629    568.8317 1102.5829           568.8317 1102.5829 -10.941  562.7042  996.4350 -10.945     3145.44 0.030
    950.811   1105.739    958.286   1111.715    -11.383  -11.396    0.011 -0.001   -0.011  0.001    0.006      950.811 1105.739    958.2857 1111.7151           958.2857 1111.7151 -11.396  955.0534  980.9393 -11.396     5835.00 0.034
    634.219   1108.222    641.674   1114.179    -12.685  -12.690   -0.004 -0.007    0.004  0.007   -0.002      634.219 1108.222    641.6743 1114.1794           641.6743 1114.1794 -12.690  636.1091 1003.4420 -12.694    16395.72 0.016
    466.375   1109.180    473.843   1115.141    -10.466  -10.479    0.011  0.004   -0.011 -0.004    0.006      466.375 1109.180    473.8433 1115.1413           473.8433 1115.1413 -10.479  466.8151 1015.0405 -10.484     2437.74 0.043
    864.980   1112.053    872.444   1118.014    -10.251  -10.258    0.002 -0.013   -0.002  0.013    0.000      864.980 1112.053    872.4442 1118.0139           872.4442 1118.0139 -10.258  868.6215  992.6770 -10.259     1725.48 0.038
    913.192   1112.756    920.650   1118.744    -10.625  -10.613   -0.005  0.013    0.005 -0.013   -0.019      913.192 1112.756    920.6497 1118.7438           920.6497 1118.7438 -10.613  917.1499  990.3567 -10.614     2300.51 0.073
    583.979   1114.623    591.439   1120.585    -12.167  -12.173    0.002  0.001   -0.002 -0.001   -0.001      583.979 1114.623    591.4395 1120.5852           591.4395 1120.5852 -12.173  585.4254 1013.0442 -12.177    10270.74 0.022
    637.129   1117.336    644.621   1123.285    -10.080  -10.077    0.032 -0.015   -0.032  0.015   -0.010      637.129 1117.336    644.6207 1123.2849           644.6207 1123.2849 -10.077  639.0405 1012.3793 -10.080     1464.29 0.091
    574.808   1119.568    582.271   1125.562    -10.120  -10.112    0.005  0.034   -0.005 -0.034   -0.015      574.808 1119.568    582.2711 1125.5625           582.2711 1125.5625 -10.112  576.1561 1018.6139 -10.116     1173.21 0.407
    889.233   1120.822    896.707   1126.778    -10.068  -10.088    0.011 -0.018   -0.011  0.018    0.013      889.233 1120.822    896.7066 1126.7782           896.7066 1126.7782 -10.088  893.0187  999.9170 -10.089     1721.87 0.042
