# 
# INPUT-MASTER: 000 "MATCHUP_XYMEEE_5" c0 f0 "m-13.5,-10.0"
# INPUT-IMAGEN: 002 "ie8j01xmq_flt.uvwXYMpq" c0 f0 "m-13.5,-6.0"
# 
# 002  1.000014 -0.000001  0.000041  0.999955      -5.51     -0.32    255   0.001 0.004   -0.0012 0.99998 0.010  0.060  0.041 ie8j01xmq_flt.uvwXYMpq 
# 
#         BUY:                   25   24   23   22   21   20   19   18   17   16   15   14   13   12   11   10    9    8    7    6    5    4    3    2    1
#         BUY: NIT  DMAX  NB    0.03 0.04 0.05 0.07 0.09 0.12 0.16 0.20 0.25 0.35 0.45 0.60 0.80 1.00 1.20 1.50 2.00 3.50 5.00 8.0010.0015.0025.0050.0099.00
#         BUY:   1 99.00   256   243    8    3    1    0    0    1    0    0    0    0    0    0    0    0    0    0    0    0    0    0    0    0    0    0    0
#         BUY:   2 50.00   256   243    8    3    1    0    0    1    0    0    0    0    0    0    0    0    0    0    0    0    0    0    0    0    0    0
#         BUY:   3 25.00   256   243    8    3    1    0    0    1    0    0    0    0    0    0    0    0    0    0    0    0    0    0    0    0    0
#         BUY:   4 15.00   256   243    8    3    1    0    0    1    0    0    0    0    0    0    0    0    0    0    0    0    0    0    0    0
#         BUY:   5 10.00   256   243    8    3    1    0    0    1    0    0    0    0    0    0    0    0    0    0    0    0    0    0    0
#         BUY:   6  8.00   256   243    8    3    1    0    0    1    0    0    0    0    0    0    0    0    0    0    0    0    0    0
#         BUY:   7  5.00   256   243    8    3    1    0    0    1    0    0    0    0    0    0    0    0    0    0    0    0    0
#         BUY:   8  3.50   256   243    8    3    1    0    0    1    0    0    0    0    0    0    0    0    0    0    0    0
#         BUY:   9  2.00   256   243    8    3    1    0    0    1    0    0    0    0    0    0    0    0    0    0    0
#         BUY:  10  1.50   256   243    8    3    1    0    0    1    0    0    0    0    0    0    0    0    0    0
#         BUY:  11  1.20   256   243    8    3    1    0    0    1    0    0    0    0    0    0    0    0    0
#         BUY:  12  1.00   256   243    8    3    1    0    0    1    0    0    0    0    0    0    0    0
#         BUY:  13  0.80   256   243    8    3    1    0    0    1    0    0    0    0    0    0    0
#         BUY:  14  0.60   256   243    8    3    1    0    0    1    0    0    0    0    0    0
#         BUY:  15  0.45   256   243    8    3    1    0    0    1    0    0    0    0    0
#         BUY:  16  0.35   256   243    8    3    1    0    0    1    0    0    0    0
#         BUY:  17  0.25   256   243    8    3    1    0    0    1    0    0    0
#         BUY:  18  0.20   256   243    8    3    1    0    0    1    0    0
#         BUY:  19  0.16   256   243    8    3    1    0    0    1    0
#         BUY:  20  0.12   255   243    8    3    1    0    0    1
# 
#.......... .......... .......... ..........   ........ ........   ...... ......   ...... ......   ......     ........ ........   ......... .........         ..................... 
#     XMAST      YMAST       XCOR       YCOR      MMAST     MCOR   DXMAST DYMAST   DXLOCL DYLOCL     DMAG       XMASTE   YMASTE       XRAW     YRAW         LOCAL INPUT FILE    
#      (01)       (02)       (03)       (04)       (05)     (06)     (07)   (08)     (09)   (10)     (11)         (12)     (13)        (14)      (15)         (16) 
#.......... .......... .......... ..........   ........ ........   ...... ......   ...... ......   ......     ........ ........   ......... .........         ..................... 
# 
    157.636     86.428    163.125     86.758    -12.676  -12.673    0.005 -0.002   -0.005  0.002   -0.002      157.636   86.428    163.1255   86.7585           163.1255   86.7585 -12.673  158.7864    5.9838 -12.671    18284.76 0.033
    189.531     92.481    195.022     92.812    -12.369  -12.373    0.006 -0.002   -0.006  0.002    0.005      189.531   92.481    195.0219   92.8123           195.0219   92.8123 -12.373  190.8971   10.0957 -12.371    14249.29 0.027
    453.474    112.913    458.981    113.263    -10.758  -10.757    0.018  0.006   -0.018 -0.006    0.000      453.474  112.913    458.9806  113.2631           458.9806  113.2631 -10.757  456.6001   14.5230 -10.752     2444.02 0.030
     18.288    117.543     23.765    117.856    -10.329  -10.328   -0.006 -0.012    0.006  0.012    0.000       18.288  117.543     23.7646  117.8562            23.7646  117.8562 -10.328   18.0807   45.4305 -10.327     1654.90 0.129
    553.609    118.719    559.103    119.045    -11.589  -11.581    0.004 -0.021   -0.004  0.021   -0.007      553.609  118.719    559.1029  119.0452           559.1029  119.0452 -11.581  557.2766   14.2464 -11.575     6258.55 0.025
    376.385    121.225    381.876    121.580    -10.479  -10.489    0.004  0.014   -0.004 -0.014    0.011      376.385  121.225    381.8757  121.5800           381.8757  121.5800 -10.489  378.9586   27.4678 -10.485     2189.55 0.030
    327.009    122.876    332.495    123.206    -10.793  -10.795   -0.001 -0.009    0.001  0.009    0.004      327.009  122.876    332.4952  123.2056           332.4952  123.2056 -10.795  329.2283   32.0755 -10.791     3279.52 0.035
     68.586    124.300     74.066    124.599    -10.263  -10.279   -0.003 -0.028    0.003  0.028    0.017       68.586  124.300     74.0655  124.5991            74.0655  124.5991 -10.279   68.7670   49.1058 -10.278     2002.94 0.049
    652.868    130.243    658.360    130.588    -10.125  -10.146    0.000 -0.006   -0.000  0.006    0.022      652.868  130.243    658.3598  130.5879           658.3598  130.5879 -10.146  657.0096   19.7505 -10.140     1755.59 0.051
    446.963    148.169    452.450    148.527    -10.278  -10.276   -0.002  0.016    0.002 -0.016   -0.001      446.963  148.169    452.4497  148.5269           452.4497  148.5269 -10.276  449.8566   50.0600 -10.271     2042.11 0.034
    958.313    149.916    963.816    150.275    -10.359  -10.355    0.008 -0.005   -0.008  0.005   -0.003      958.313  149.916    963.8160  150.2746           963.8160  150.2746 -10.355  963.7211   20.9853 -10.346     2140.74 0.034
    778.444    155.137    783.935    155.512    -10.114  -10.110   -0.003  0.020    0.003 -0.020   -0.003      778.444  155.137    783.9348  155.5122           783.9348  155.5122 -10.110  783.1157   37.0342 -10.102     1795.10 0.033
    463.433    158.193    468.939    158.540    -10.800  -10.796    0.017  0.005   -0.017 -0.005   -0.003      463.433  158.193    468.9386  158.5398           468.9386  158.5398 -10.796  466.3989   59.0431 -10.791     3048.72 0.025
    655.361    158.606    660.859    158.951    -10.240  -10.242    0.007 -0.005   -0.007  0.005    0.004      655.361  158.606    660.8593  158.9514           660.8593  158.9514 -10.242  659.4034   47.8514 -10.235     1791.12 0.032
    876.284    160.249    881.781    160.606    -10.204  -10.189    0.002 -0.002   -0.002  0.002   -0.014      876.284  160.249    881.7809  160.6061           881.7809  160.6061 -10.189  881.3429   36.2160 -10.180     1668.50 0.045
    444.136    161.503    449.612    161.842    -10.618  -10.623   -0.013 -0.002    0.013  0.002    0.007      444.136  161.503    449.6118  161.8421           449.6118  161.8421 -10.623  446.9355   63.5033 -10.619     2321.89 0.042
    653.236    170.843    658.739    171.194    -10.200  -10.191    0.012  0.001   -0.012 -0.001   -0.008      653.236  170.843    658.7391  171.1935           658.7391  171.1935 -10.191  657.2213   60.1749 -10.185     1859.94 0.041
    430.910    176.055    436.389    176.393    -10.412  -10.424   -0.009 -0.001    0.009  0.001    0.013      430.910  176.055    436.3888  176.3934           436.3888  176.3934 -10.424  433.5567   78.8091 -10.420     1961.50 0.033
    573.585    183.488    579.083    183.832    -10.755  -10.747    0.008 -0.002   -0.008  0.002   -0.007      573.585  183.488    579.0830  183.8321           579.0830  183.8321 -10.747  577.0782   77.5855 -10.742     2869.93 0.023
    426.565    186.530    432.049    186.861    -10.280  -10.298   -0.004 -0.009    0.004  0.009    0.019      426.565  186.530    432.0494  186.8609           432.0494  186.8609 -10.298  429.1373   89.5077 -10.294     1843.76 0.044
    665.868    186.913    671.365    187.263    -10.985  -10.979    0.006 -0.000   -0.006  0.000   -0.005      665.868  186.913    671.3655  187.2628           671.3655  187.2628 -10.979  669.8461   75.4205 -10.973     3364.19 0.079
    998.250    188.297   1003.758    188.661    -10.246  -10.245    0.012  0.001   -0.012 -0.001    0.001      998.250  188.297   1003.7584  188.6607          1003.7584  188.6607 -10.245 1003.6753   56.7846 -10.236     1863.39 0.037
    784.218    194.889    789.715    195.244    -11.004  -10.996    0.004  0.001   -0.004 -0.001   -0.007      784.218  194.889    789.7150  195.2442           789.7150  195.2442 -10.996  788.7726   76.2537 -10.989     3683.28 0.030
    404.230    195.577    409.703    195.896    -10.000  -10.017   -0.014 -0.020    0.014  0.020    0.018      404.230  195.577    409.7033  195.8961           409.7033  195.8961 -10.017  406.5975   99.8713 -10.013     1416.64 0.044
    468.775    196.746    474.264    197.088    -12.751  -12.745    0.000  0.001   -0.000 -0.001   -0.004      468.775  196.746    474.2640  197.0879           474.2640  197.0879 -12.745  471.5712   97.1448 -12.741    17464.19 0.018
    896.751    197.608    902.251    197.964    -11.207  -11.202    0.006 -0.003   -0.006  0.003   -0.004      896.751  197.608    902.2510  197.9637           902.2510  197.9637 -11.202  901.7674   72.1723 -11.194     4593.84 0.038
    476.814    202.849    482.298    203.192    -10.572  -10.569   -0.004  0.002    0.004 -0.002   -0.002      476.814  202.849    482.2982  203.1925           482.2982  203.1925 -10.569  479.6263  102.7432 -10.565     2305.27 0.044
    241.833    207.004    247.320    207.333    -10.344  -10.332    0.002 -0.002   -0.002  0.002   -0.010      241.833  207.004    247.3202  207.3332           247.3202  207.3332 -10.332  242.9634  121.1358 -10.331     2121.35 0.046
    349.459    210.191    354.942    210.517    -10.070  -10.094   -0.004 -0.009    0.004  0.009    0.025      349.459  210.191    354.9417  210.5173           354.9417  210.5173 -10.094  351.3788  117.7755 -10.091     1589.29 0.049
    886.559    211.542    892.041    211.907    -10.516  -10.528   -0.012  0.008    0.012 -0.008    0.014      886.559  211.542    892.0412  211.9066           892.0412  211.9066 -10.528  891.4691   86.6723 -10.520     2118.39 0.026
    358.675    217.093    364.156    217.431    -12.297  -12.299   -0.007  0.003    0.007 -0.003    0.004      358.675  217.093    364.1559  217.4315           364.1559  217.4315 -12.299  360.6231  124.1121 -12.296    12098.11 0.020
    547.902    218.551    553.411    218.872    -10.163  -10.179    0.019 -0.022   -0.019  0.022    0.017      547.902  218.551    553.4110  218.8716           553.4110  218.8716 -10.179  551.0988  114.0602 -10.174     1856.50 0.040
    385.939    222.373    391.407    222.704    -10.444  -10.455   -0.020 -0.005    0.020  0.005    0.012      385.939  222.373    391.4067  222.7043           391.4067  222.7043 -10.455  388.0392  127.7159 -10.452     2290.03 0.045
    314.598    225.659    320.093    225.983    -10.787  -10.771    0.008 -0.010   -0.008  0.010   -0.015      314.598  225.659    320.0928  225.9830           320.0928  225.9830 -10.771  316.1949  135.3185 -10.768     2967.42 0.038
    430.274    228.931    435.760    229.268    -10.185  -10.185   -0.002 -0.001    0.002  0.001    0.001      430.274  228.931    435.7595  229.2685           435.7595  229.2685 -10.185  432.6614  131.5680 -10.182     1549.56 0.028
    696.552    236.335    702.045    236.685    -11.544  -11.547    0.000  0.002   -0.000 -0.002    0.004      696.552  236.335    702.0446  236.6852           702.0446  236.6852 -11.547  700.5240  122.8352 -11.542     5609.41 0.026
    481.007    240.042    486.497    240.378    -10.058  -10.055    0.001 -0.003   -0.001  0.003   -0.002      481.007  240.042    486.4971  240.3781           486.4971  240.3781 -10.055  483.6737  139.5620 -10.051     1385.19 0.038
    892.674    241.196    898.179    241.546    -12.675  -12.681    0.010 -0.006   -0.010  0.006    0.008      892.674  241.196    898.1791  241.5458           898.1791  241.5458 -12.681  897.5313  115.8171 -12.673    15936.23 0.023
    697.056    244.317    702.549    244.669    -11.796  -11.778    0.001  0.004   -0.001 -0.004   -0.017      697.056  244.317    702.5487  244.6687           702.5487  244.6687 -11.778  700.9986  130.7605 -11.772     7910.22 0.030
    860.975    249.464    866.463    249.791    -10.728  -10.728   -0.007 -0.027    0.007  0.027    0.001      860.975  249.464    866.4626  249.7909           866.4626  249.7909 -10.728  865.6528  125.9479 -10.720     2915.04 0.029
    262.312    259.408    267.797    259.741    -10.904  -10.905   -0.001  0.004    0.001 -0.004    0.002      262.312  259.408    267.7971  259.7415           267.7971  259.7415 -10.905  263.3151  172.1796 -10.903     3281.88 0.038
    205.948    259.653    211.423    259.979    -10.668  -10.674   -0.010 -0.001    0.010  0.001    0.007      205.948  259.653    211.4227  259.9789           211.4227  259.9789 -10.674  206.4817  175.8490 -10.674     2610.36 0.035
    725.038    261.007    730.516    261.358    -11.777  -11.775   -0.015  0.002    0.015 -0.002   -0.001      725.038  261.007    730.5158  261.3579           730.5158  261.3579 -11.775  729.0412  145.6990 -11.769     7942.25 0.021
    277.706    265.214    283.195    265.544    -11.484  -11.470    0.003  0.001   -0.003 -0.001   -0.013      277.706  265.214    283.1951  265.5443           283.1951  265.5443 -11.470  278.8034  177.0337 -11.469     6165.16 0.026
    975.357    268.372    980.850    268.730    -12.958  -12.958   -0.003 -0.001    0.003  0.001    0.001      975.357  268.372    980.8496  268.7296           980.8496  268.7296 -12.958  980.4351  137.8881 -12.950    20998.75 0.052
    261.811    276.586    267.301    276.925    -10.807  -10.821    0.003  0.010   -0.003 -0.010    0.016      261.811  276.586    267.3006  276.9247           267.3006  276.9247 -10.821  262.7209  189.3605 -10.820     2927.73 0.028
    288.273    280.939    293.754    281.260    -11.172  -11.169   -0.006 -0.008    0.006  0.008   -0.002      288.273  280.939    293.7537  281.2605           293.7537  281.2605 -11.169  289.3601  192.0762 -11.168     3264.35 0.274
    585.819    281.049    591.312    281.392    -12.637  -12.634    0.003  0.001   -0.003 -0.001   -0.002      585.819  281.049    591.3123  281.3916           591.3123  281.3916 -12.634  588.9467  174.0865 -12.629    17888.28 0.022
     40.104    281.719     45.587    282.033    -11.328  -11.329    0.001 -0.005   -0.001  0.005    0.003       40.104  281.719     45.5874  282.0332            45.5874  282.0332 -11.329   39.0647  207.9888 -11.331     5433.28 0.034
    765.492    286.487    770.982    286.831    -10.646  -10.653   -0.002 -0.005    0.002  0.005    0.008      765.492  286.487    770.9823  286.8309           770.9823  286.8309 -10.653  769.6089  168.6325 -10.647     2469.84 0.037
    952.904    287.647    958.404    287.999    -12.185  -12.179    0.005 -0.005   -0.005  0.005   -0.004      952.904  287.647    958.4040  287.9989           958.4040  287.9989 -12.179  957.8427  158.4392 -12.172    10371.62 0.020
    192.092    297.848    197.586    298.188    -10.295  -10.296    0.010  0.015   -0.010 -0.015    0.002      192.092  297.848    197.5861  298.1875           197.5861  298.1875 -10.296  192.3133  214.8408 -10.295     1941.79 0.026
    604.588    297.951    610.064    298.298    -10.012  -10.010   -0.015  0.005    0.015 -0.005   -0.001      604.588  297.951    610.0639  298.2975           610.0639  298.2975 -10.010  607.7364  189.8067 -10.006     1505.45 0.047
    861.916    298.909    867.416    299.259    -10.267  -10.248    0.006 -0.003   -0.006  0.003   -0.018      861.916  298.909    867.4156  299.2585           867.4156  299.2585 -10.248  866.4382  175.1697 -10.241     1746.14 0.035
    271.633    302.433    277.117    302.768    -10.624  -10.619   -0.002  0.006    0.002 -0.006   -0.004      271.633  302.433    277.1170  302.7676           277.1170  302.7676 -10.619  272.4752  214.5587 -10.618     2035.10 0.046
    197.351    302.894    202.832    303.222    -11.047  -11.050   -0.005  0.003    0.005 -0.003    0.004      197.351  302.894    202.8315  303.2217           202.8315  303.2217 -11.050  197.5748  219.5474 -11.050     3208.03 0.028
    787.681    314.741    793.190    315.089    -10.080  -10.059    0.016 -0.000   -0.016  0.000   -0.020      787.681  314.741    793.1900  315.0890           793.1900  315.0890 -10.059  791.8177  195.4499 -10.053     1464.99 0.034
    559.503    320.553    565.002    320.890    -10.085  -10.082    0.009 -0.002   -0.009  0.002   -0.002      559.503  320.553    565.0017  320.8899           565.0017  320.8899 -10.082  562.2998  215.0810 -10.078     1604.02 0.042
     54.270    329.129     59.754    329.441    -11.108  -11.111    0.000 -0.006   -0.000  0.006    0.004       54.270  329.129     59.7536  329.4413            59.7536  329.4413 -11.111   53.0731  254.4796 -11.113     3848.24 0.037
    707.645    329.204    713.140    329.549    -11.816  -11.815    0.003  0.000   -0.003 -0.000    0.001      707.645  329.204    713.1397  329.5491           713.1397  329.5491 -11.815  711.3082  214.7283 -11.811     7672.71 0.021
    971.739    340.431    977.233    340.786    -11.739  -11.742   -0.001 -0.000    0.001  0.000    0.005      971.739  340.431    977.2330  340.7859           977.2330  340.7859 -11.742  976.5763  209.8810 -11.735     7136.99 0.025
    356.822    341.646    362.308    341.974    -10.033  -10.022   -0.001 -0.001    0.001  0.001   -0.010      356.822  341.646    362.3079  341.9744           362.3079  341.9744 -10.022  358.1208  248.4931 -10.021     1444.29 0.049
    523.138    344.737    528.619    345.068    -11.096  -11.100   -0.008 -0.005    0.008  0.005    0.005      523.138  344.737    528.6190  345.0683           528.6190  345.0683 -11.100  525.5732  241.4192 -11.097     3476.85 0.054
     94.567    358.321    100.065    358.669    -10.575  -10.573    0.015  0.030   -0.015 -0.030   -0.001       94.567  358.321    100.0650  358.6694           100.0650  358.6694 -10.573   93.5820  281.2143 -10.575     2397.64 0.034
    764.690    358.614    770.186    358.961    -11.336  -11.329    0.004  0.001   -0.004 -0.001   -0.006      764.690  358.614    770.1860  358.9610           770.1860  358.9610 -11.329  768.5364  240.5850 -11.324     4149.03 0.024
    593.525    360.071    599.017    360.414    -12.146  -12.148    0.001  0.005   -0.001 -0.005    0.004      593.525  360.071    599.0169  360.4139           599.0169  360.4139 -12.148  596.3536  252.4386 -12.145     9142.68 0.019
     97.872    364.409    103.358    364.710    -10.437  -10.425    0.003 -0.017   -0.003  0.017   -0.010       97.872  364.409    103.3583  364.7104           103.3583  364.7104 -10.425   96.8695  287.0485 -10.427     2058.92 0.122
    339.331    368.821    344.829    369.167    -10.100  -10.083    0.011  0.019   -0.011 -0.019   -0.016      339.331  368.821    344.8295  369.1673           344.8295  369.1673 -10.083  340.3680  276.7094 -10.082     1421.57 0.047
    280.546    380.895    286.024    381.201    -10.278  -10.255   -0.008 -0.018    0.008  0.018   -0.022      280.546  380.895    286.0244  381.2010           286.0244  381.2010 -10.255  281.0302  292.3289 -10.254     1814.67 0.030
    478.393    385.918    483.896    386.255    -10.188  -10.183    0.014  0.003   -0.014 -0.003   -0.004      478.393  385.918    483.8961  386.2546           483.8961  386.2546 -10.183  480.3624  285.2552 -10.181     1633.10 0.037
    319.514    390.081    324.988    390.433    -10.066  -10.069   -0.013  0.026    0.013 -0.026    0.004      319.514  390.081    324.9881  390.4332           324.9881  390.4332 -10.069  320.2592  299.1597 -10.068     1628.38 0.040
    485.564    389.899    491.061    390.224    -10.660  -10.666    0.008 -0.008   -0.008  0.008    0.007      485.564  389.899    491.0612  390.2238           491.0612  390.2238 -10.666  487.5574  288.7788 -10.664     2494.92 0.024
    144.676    392.523    150.159    392.846    -13.366  -13.368   -0.001  0.004    0.001 -0.004    0.003      144.676  392.523    150.1591  392.8457           150.1591  392.8457 -13.368  143.9314  312.2931 -13.369    33168.23 0.025
     34.759    396.142     40.237    396.461    -10.142  -10.148   -0.005  0.005    0.005 -0.005    0.008       34.759  396.142     40.2367  396.4610            40.2367  396.4610 -10.148   32.9604  322.6466 -10.151     1644.63 0.044
    965.938    396.677    971.432    397.034    -10.631  -10.625   -0.001  0.005    0.001 -0.005   -0.005      965.938  396.677    971.4324  397.0343           971.4324  397.0343 -10.625  970.5741  266.2817 -10.618     2466.58 0.025
    828.169    418.063    833.658    418.418    -11.736  -11.729   -0.005  0.009    0.005 -0.009   -0.005      828.169  418.063    833.6580  418.4181           833.6580  418.4181 -11.729  832.1021  296.0074 -11.724     7811.58 0.026
    435.159    421.523    440.650    421.851    -11.022  -11.018    0.003 -0.002   -0.003  0.002   -0.003      435.159  421.523    440.6502  421.8507           440.6502  421.8507 -11.018  436.6418  323.4397 -11.017     3268.61 0.029
    335.060    426.032    340.551    426.354    -11.342  -11.355    0.004 -0.003   -0.004  0.003    0.014      335.060  426.032    340.5509  426.3536           340.5509  426.3536 -11.355  335.7569  334.0793 -11.354     5314.16 0.021
    755.552    426.073    761.038    426.421    -10.381  -10.379   -0.006  0.005    0.006 -0.005   -0.001      755.552  426.073    761.0385  426.4209           761.0385  426.4209 -10.379  759.0841  308.4212 -10.375     1899.82 0.046
    519.668    429.462    525.152    429.789    -10.453  -10.442   -0.006 -0.004    0.006  0.004   -0.009      519.668  429.462    525.1516  429.7895           525.1516  429.7895 -10.442  521.6948  326.1877 -10.440     2178.18 0.026
    950.584    436.708    956.045    437.079    -10.481  -10.492   -0.034  0.021    0.034 -0.021    0.012      950.584  436.708    956.0454  437.0788           956.0454  437.0788 -10.492  954.9927  307.1381 -10.486     2430.11 0.070
    719.545    438.252    725.036    438.569    -10.073  -10.089   -0.000 -0.023    0.000  0.023    0.017      719.545  438.252    725.0364  438.5692           725.0364  438.5692 -10.089  722.8374  322.7403 -10.085     1617.81 0.045
    148.898    442.987    154.379    443.308    -10.021  -10.019   -0.003  0.005    0.003 -0.005   -0.001      148.898  442.987    154.3785  443.3082           154.3785  443.3082 -10.019  147.8983  362.4624 -10.021     1351.41 0.042
    368.284    444.063    373.770    444.386    -11.285  -11.248   -0.001 -0.003    0.001  0.003   -0.036      368.284  444.063    373.7701  444.3860           373.7701  444.3860 -11.248  369.1441  350.0494 -11.248     4929.70 0.031
    685.787    444.024    691.283    444.352    -10.005  -10.003    0.004 -0.010   -0.004  0.010   -0.000      685.787  444.024    691.2827  444.3520           691.2827  444.3520 -10.003  688.8319  330.5498 -10.000     1339.34 0.039
    887.820    445.803    893.316    446.157    -10.649  -10.649    0.001  0.007   -0.001 -0.007    0.001      887.820  445.803    893.3158  446.1566           893.3158  446.1566 -10.649  891.9483  320.0255 -10.644     2890.50 0.049
    531.214    459.732    536.716    460.052    -10.749  -10.743    0.013 -0.011   -0.013  0.011   -0.005      531.214  459.732    536.7163  460.0522           536.7163  460.0522 -10.743  533.2014  355.6930 -10.741     2846.68 0.039
    668.960    467.880    674.450    468.216    -11.335  -11.340   -0.001 -0.002    0.001  0.002    0.006      668.960  467.880    674.4503  468.2156           674.4503  468.2156 -11.340  671.8005  355.3932 -11.337     4685.52 0.032
    523.870    470.591    529.345    470.918    -10.673  -10.665   -0.014 -0.004    0.014  0.004   -0.007      523.870  470.591    529.3452  470.9177           529.3452  470.9177 -10.665  525.7303  366.9948 -10.664     2949.26 0.031
     89.575    476.394     95.053    476.701    -10.509  -10.502   -0.005 -0.006    0.005  0.006   -0.006       89.575  476.394     95.0531  476.7010            95.0531  476.7010 -10.502   87.8202  399.4921 -10.505     2122.68 0.027
    249.335    488.828    254.818    489.144    -10.095  -10.090   -0.003 -0.002    0.003  0.002   -0.004      249.335  488.828    254.8181  489.1445           254.8181  489.1445 -10.090  248.9761  402.0909 -10.091     1616.79 0.052
    890.325    489.480    895.819    489.827    -12.232  -12.237   -0.001  0.002    0.001 -0.002    0.006      890.325  489.480    895.8193  489.8265           895.8193  489.8265 -12.237  894.3160  363.4264 -12.232    10145.69 0.023
    982.930    491.356    988.419    491.699    -10.502  -10.500   -0.006 -0.006    0.006  0.006   -0.000      982.930  491.356    988.4191  491.6993           988.4191  491.6993 -10.500  987.3298  359.6203 -10.494     2149.90 0.043
    308.300    493.261    313.776    493.576    -10.278  -10.260   -0.010 -0.006    0.010  0.006   -0.017      308.300  493.261    313.7762  493.5757           313.7762  493.5757 -10.260  308.4108  402.8844 -10.261     1787.07 0.027
    112.754    494.525    118.239    494.821    -10.293  -10.291    0.001 -0.017   -0.001  0.017   -0.001      112.754  494.525    118.2386  494.8208           118.2386  494.8208 -10.291  111.1206  416.1830 -10.293     2043.90 0.037
    411.141    498.496    416.625    498.828    -10.610  -10.591   -0.004  0.007    0.004 -0.007   -0.018      411.141  498.496    416.6249  498.8277           416.6249  498.8277 -10.591  412.0544  401.7951 -10.591     2601.39 0.042
    719.796    504.032    725.294    504.378    -10.330  -10.320    0.006  0.009   -0.006 -0.009   -0.009      719.796  504.032    725.2941  504.3781           725.2941  504.3781 -10.320  722.8303  388.3985 -10.317     1900.35 0.028
    411.298    509.403    416.781    509.723    -10.403  -10.402   -0.004 -0.004    0.004  0.004   -0.000      411.298  509.403    416.7810  509.7230           416.7810  509.7230 -10.402  412.1589  412.6703 -10.402     2199.91 0.041
    259.921    514.801    265.392    515.130    -10.588  -10.578   -0.015  0.011    0.015 -0.011   -0.009      259.921  514.801    265.3916  515.1301           265.3916  515.1301 -10.578  259.4998  427.4115 -10.579     2031.31 0.058
    276.391    516.767    281.870    517.091    -10.263  -10.262   -0.007  0.005    0.007 -0.005    0.001      276.391  516.767    281.8702  517.0906           281.8702  517.0906 -10.262  276.1100  428.3538 -10.263     1808.67 0.026
    954.004    516.983    959.506    517.329    -10.131  -10.146    0.006 -0.000   -0.006  0.000    0.016      954.004  516.983    959.5056  517.3287           959.5056  517.3287 -10.146  958.2068  386.9543 -10.141     1782.42 0.039
    489.594    519.213    495.090    519.535    -10.781  -10.782    0.007 -0.006   -0.007  0.006    0.003      489.594  519.213    495.0903  519.5351           495.0903  519.5351 -10.782  491.0085  417.6559 -10.781     3027.13 0.028
    515.803    520.591    521.284    520.896    -10.475  -10.474   -0.008 -0.024    0.008  0.024    0.000      515.803  520.591    521.2838  520.8959           521.2838  520.8959 -10.474  517.3843  417.4045 -10.473     2004.83 0.043
    809.801    521.257    815.293    521.608    -11.216  -11.213   -0.001  0.011    0.001 -0.010   -0.001      809.801  521.257    815.2927  521.6078           815.2927  521.6078 -11.213  813.2690  400.0720 -11.209     4574.04 0.033
    970.657    528.171    976.156    528.517    -10.555  -10.547    0.003 -0.000   -0.003  0.000   -0.007      970.657  528.171    976.1557  528.5170           976.1557  528.5170 -10.547  974.8946  397.0929 -10.541     2417.97 0.131
    630.465    534.008    635.958    534.342    -10.637  -10.657    0.002  0.002   -0.002 -0.002    0.022      630.465  534.008    635.9581  534.3417           635.9581  534.3417 -10.657  632.7872  423.7717 -10.655     2815.54 0.039
    420.574    541.402    426.063    541.721    -10.148  -10.140    0.001 -0.005   -0.001  0.005   -0.007      420.574  541.402    426.0628  541.7207           426.0628  541.7207 -10.140  421.3576  444.0691 -10.140     1674.09 0.042
    985.042    540.510    990.539    540.862    -10.751  -10.741    0.002  0.005   -0.002 -0.005   -0.009      985.042  540.510    990.5389  540.8616           990.5389  540.8616 -10.741  989.3038  408.5236 -10.735     2572.54 0.024
    466.026    549.986    471.560    550.359    -10.069  -10.056    0.045  0.048   -0.045 -0.048   -0.011      466.026  549.986    471.5595  550.3593           471.5595  550.3593 -10.056  467.1593  449.8993 -10.056     1552.24 0.073
    947.227    553.400    952.720    553.750    -10.389  -10.388   -0.002  0.005    0.002 -0.005   -0.000      947.227  553.400    952.7202  553.7496           952.7202  553.7496 -10.388  951.2728  423.7043 -10.383     2107.00 0.024
    417.706    562.308    423.192    562.632    -10.849  -10.848   -0.002  0.002    0.002 -0.002    0.001      417.706  562.308    423.1915  562.6323           423.1915  562.6323 -10.848  418.3631  465.1431 -10.848     2945.78 0.057
    762.072    568.356    767.563    568.690    -10.012  -10.035   -0.002 -0.003    0.002  0.003    0.024      762.072  568.356    767.5631  568.6901           767.5631  568.6901 -10.035  765.0972  450.0014 -10.032     1651.97 0.052
    372.106    568.628    377.601    568.954    -10.780  -10.782    0.007  0.006   -0.007 -0.006    0.003      372.106  568.628    377.6005  568.9540           377.6005  568.9540 -10.782  372.3741  474.2794 -10.783     2831.51 0.023
    721.644    571.893    727.121    572.239    -10.417  -10.426   -0.015  0.011    0.015 -0.011    0.010      721.644  571.893    727.1215  572.2393           727.1215  572.2393 -10.426  724.4047  456.0339 -10.423     2056.48 0.038
    173.858    573.146    179.346    573.461    -11.124  -11.118    0.004  0.003   -0.004 -0.003   -0.005      173.858  573.146    179.3465  573.4612           179.3465  573.4612 -11.118  172.3521  491.0562 -11.120     3993.77 0.033
    358.805    578.872    364.270    579.195    -11.187  -11.186   -0.022  0.003    0.022 -0.003    0.001      358.805  578.872    364.2699  579.1949           364.2699  579.1949 -11.186  358.8818  485.3406 -11.187     4361.44 0.017
    227.990    588.965    233.464    589.279    -10.620  -10.615   -0.012  0.001    0.012 -0.001   -0.003      227.990  588.965    233.4637  589.2793           233.4637  589.2793 -10.615  226.8815  503.5243 -10.617     2274.61 0.049
    563.732    588.696    569.213    589.039    -10.960  -10.949   -0.009  0.016    0.009 -0.016   -0.010      563.732  588.696    569.2130  589.0389           569.2130  589.0389 -10.949  565.3455  482.5262 -10.948     3076.23 0.034
    519.363    592.496    524.851    592.816    -11.570  -11.572   -0.002 -0.005    0.002  0.005    0.003      519.363  592.496    524.8506  592.8156           524.8506  592.8156 -11.572  520.6454  489.0398 -11.571     6180.13 0.024
    187.933    595.554    193.409    595.851    -10.404  -10.412   -0.009 -0.015    0.009  0.015    0.009      187.933  595.554    193.4090  595.8506           193.4090  595.8506 -10.412  186.4195  512.5802 -10.414     1864.61 0.043
    636.678    600.846    642.158    601.174    -10.232  -10.228   -0.011 -0.001    0.011  0.001   -0.002      636.678  600.846    642.1580  601.1743           642.1580  601.1743 -10.228  638.7416  490.1447 -10.227     1881.06 0.041
    310.334    604.843    315.807    605.161    -10.454  -10.445   -0.013  0.002    0.013 -0.002   -0.008      310.334  604.843    315.8069  605.1611           315.8069  605.1611 -10.445  309.8717  514.3029 -10.447     2211.35 0.027
     92.456    607.136     97.936    607.448    -12.790  -12.791   -0.003  0.005    0.003 -0.005    0.002       92.456  607.136     97.9359  607.4485            97.9359  607.4485 -12.791   89.9538  530.1049 -12.795    21073.85 0.023
    675.985    608.934    681.471    609.262    -10.581  -10.572   -0.005 -0.003    0.005  0.003   -0.007      675.985  608.934    681.4713  609.2621           681.4713  609.2621 -10.572  678.2805  495.7959 -10.570     2467.80 0.037
    854.470    611.849    859.965    612.177    -11.504  -11.499    0.002 -0.010   -0.002  0.010   -0.004      854.470  611.849    859.9649  612.1774           859.9649  612.1774 -11.499  857.8470  487.7291 -11.495     5979.64 0.022
    376.061    630.191    381.552    630.517    -10.347  -10.366    0.004  0.009   -0.004 -0.009    0.021      376.061  630.191    381.5523  630.5172           381.5523  630.5172 -10.366  376.0494  535.5831 -10.367     1991.37 0.030
    319.856    632.268    325.343    632.580    -10.191  -10.195    0.000 -0.002   -0.000  0.002    0.006      319.856  632.268    325.3427  632.5804           325.3427  632.5804 -10.195  319.3479  541.1340 -10.197     1681.16 0.033
    692.550    648.202    698.052    648.548    -10.464  -10.461    0.010  0.016   -0.010 -0.016   -0.001      692.550  648.202    698.0518  648.5481           698.0518  648.5481 -10.461  694.8087  534.0193 -10.460     1957.03 0.174
    771.704    648.809    777.202    649.141    -10.611  -10.627    0.005 -0.000   -0.005  0.000    0.017      771.704  648.809    777.2022  649.1413           777.2022  649.1413 -10.627  774.4871  529.7470 -10.625     2321.40 0.028
    989.044    650.150    994.538    650.478    -12.004  -12.007   -0.002 -0.014    0.002  0.014    0.005      989.044  650.150    994.5379  650.4781           994.5379  650.4781 -12.007  992.9845  517.6575 -12.003     9385.10 0.028
    743.778    653.224    749.258    653.569    -10.165  -10.160   -0.012  0.013    0.012 -0.013   -0.003      743.778  653.224    749.2576  653.5695           749.2576  653.5695 -10.160  746.3586  535.8966 -10.158     1630.50 0.043
    554.524    657.627    560.020    657.950    -12.451  -12.439    0.006 -0.001   -0.006  0.001   -0.011      554.524  657.627    560.0200  657.9499           560.0200  657.9499 -12.439  555.7802  551.9589 -12.439    14586.20 0.029
    710.142    662.850    715.636    663.200    -10.243  -10.232    0.001  0.020   -0.001 -0.020   -0.010      710.142  662.850    715.6357  663.1997           715.6357  663.1997 -10.232  712.4899  547.5956 -10.230     1489.84 0.041
    800.065    673.996    805.554    674.327    -10.509  -10.500   -0.004 -0.002    0.004  0.002   -0.008      800.065  673.996    805.5536  674.3274           805.5536  674.3274 -10.500  802.9094  553.1532 -10.497     2419.70 0.044
    411.001    676.943    416.493    677.266    -10.120  -10.131    0.004  0.005   -0.004 -0.005    0.012      411.001  676.943    416.4930  677.2657           416.4930  677.2657 -10.131  411.0477  580.1655 -10.133     1829.94 0.050
    265.979    677.690    271.459    678.004    -10.848  -10.778   -0.006  0.003    0.006 -0.003   -0.069      265.979  677.690    271.4592  678.0036           271.4592  678.0036 -10.778  264.7416  589.9239 -10.781     3106.12 0.031
    912.203    681.025    917.691    681.359    -10.763  -10.751   -0.007 -0.004    0.007  0.004   -0.011      912.203  681.025    917.6910  681.3585           917.6910  681.3585 -10.751  915.6469  553.2397 -10.748     2805.70 0.017
    126.859    688.668    132.357    688.994    -10.414  -10.418    0.014  0.022   -0.014 -0.022    0.005      126.859  688.668    132.3568  688.9944           132.3568  688.9944 -10.418  124.2402  609.5834 -10.422     2090.04 0.030
    897.280    701.805    902.774    702.142    -11.418  -11.419    0.000  0.001   -0.000 -0.001    0.002      897.280  701.805    902.7742  702.1416           902.7742  702.1416 -11.419  900.5796  574.9195 -11.416     5220.64 0.018
    747.699    704.561    753.200    704.891    -11.372  -11.366    0.009  0.001   -0.009 -0.001   -0.005      747.699  704.561    753.2000  704.8914           753.2000  704.8914 -11.366  750.1235  586.9290 -11.364     5582.86 0.025
    186.985    708.156    192.461    708.471    -10.088  -10.079   -0.009  0.008    0.009 -0.008   -0.008      186.985  708.156    192.4614  708.4705           192.4614  708.4705 -10.079  184.8254  625.3358 -10.083     1557.02 0.040
    413.053    707.732    418.546    708.051    -10.835  -10.818    0.006  0.003   -0.006 -0.003   -0.015      413.053  707.732    418.5458  708.0507           418.5458  708.0507 -10.818  412.9648  610.8306 -10.820     3357.84 0.035
    520.853    710.800    526.336    711.129    -10.309  -10.295   -0.007  0.009    0.007 -0.009   -0.012      520.853  710.800    526.3357  711.1289           526.3357  711.1289 -10.295  521.6047  607.2098 -10.295     1837.79 0.040
    265.681    712.834    271.175    713.153    -10.699  -10.706    0.008  0.009   -0.008 -0.009    0.008      265.681  712.834    271.1747  713.1533           271.1747  713.1533 -10.706  264.2654  625.1166 -10.710     2828.54 0.033
    380.711    716.159    386.176    716.463    -10.036  -10.034   -0.022 -0.010    0.022  0.010   -0.000      380.711  716.159    386.1758  716.4626           386.1758  716.4626 -10.034  380.2784  621.2619 -10.037     1467.92 0.057
    935.296    717.682    940.790    718.020    -10.598  -10.597   -0.001  0.001    0.001 -0.001    0.000      935.296  717.682    940.7897  718.0202           940.7897  718.0202 -10.597  938.7483  588.4222 -10.594     2326.39 0.028
    633.063    719.618    638.545    719.941    -10.703  -10.719   -0.008 -0.002    0.008  0.002    0.017      633.063  719.618    638.5450  719.9405           638.5450  719.9405 -10.719  634.6064  609.0560 -10.718     2771.23 0.035
    649.737    721.685    655.238    722.016    -11.060  -11.066    0.011  0.006   -0.011 -0.006    0.007      649.737  721.685    655.2382  722.0161           655.2382  722.0161 -11.066  651.4083  610.0953 -11.066     3637.10 0.045
    925.294    721.934    930.789    722.268    -10.403  -10.416    0.001 -0.002   -0.001  0.002    0.014      925.294  721.934    930.7893  722.2675           930.7893  722.2675 -10.416  928.6804  593.2845 -10.413     1979.87 0.048
    713.318    728.282    718.817    728.619    -10.103  -10.115    0.007  0.010   -0.007 -0.010    0.013      713.318  728.282    718.8168  728.6193           718.8168  728.6193 -10.115  715.4250  612.7733 -10.114     1526.88 0.037
    610.319    736.850    615.805    737.178    -11.325  -11.324   -0.004  0.005    0.004 -0.005    0.001      610.319  736.850    615.8054  737.1779           615.8054  737.1779 -11.324  611.6310  627.7008 -11.325     4536.13 0.036
    407.410    742.950    412.888    743.258    -10.023  -10.021   -0.010 -0.006    0.010  0.006   -0.001      407.410  742.950    412.8880  743.2579           412.8880  743.2579 -10.021  407.0854  646.4072 -10.023     1336.22 0.058
    468.100    755.343    473.594    755.669    -11.470  -11.460    0.006  0.010   -0.006 -0.010   -0.009      468.100  755.343    473.5944  755.6691           473.5944  755.6691 -11.460  468.2373  655.0424 -11.462     5918.40 0.026
    394.165    756.997    399.652    757.303    -10.161  -10.161   -0.000 -0.007    0.000  0.007    0.001      394.165  756.997    399.6524  757.3029           399.6524  757.3029 -10.161  393.6666  661.2873 -10.164     1549.77 0.051
    970.981    764.056    976.469    764.388    -12.866  -12.869   -0.007 -0.004    0.007  0.004    0.004      970.981  764.056    976.4694  764.3883           976.4694  764.3883 -12.869  974.4662  632.5210 -12.866    16675.25 0.021
    233.305    764.787    238.792    765.096    -11.245  -11.248    0.002  0.003   -0.002 -0.003    0.004      233.305  764.787    238.7922  765.0959           238.7922  765.0959 -11.248  231.2905  679.1329 -11.252     4679.50 0.029
    201.194    771.017    206.665    771.315    -10.705  -10.705   -0.014 -0.006    0.014  0.006    0.001      201.194  771.017    206.6648  771.3149           206.6648  771.3149 -10.705  198.8147  687.3676 -10.709     2771.22 0.036
    277.390    774.153    282.872    774.466    -10.937  -10.932   -0.004  0.006    0.004 -0.006   -0.004      277.390  774.153    282.8721  774.4659           282.8721  774.4659 -10.932  275.7399  685.7599 -10.936     3465.95 0.030
    288.487    774.301    293.972    774.615    -11.148  -11.144   -0.000  0.007    0.000 -0.007   -0.003      288.487  774.301    293.9723  774.6150           293.9723  774.6150 -11.144  286.9436  685.2156 -11.147     4448.73 0.019
    586.072    773.918    591.574    774.240    -10.403  -10.397    0.012  0.003   -0.012 -0.003   -0.005      586.072  773.918    591.5739  774.2402           591.5739  774.2402 -10.397  587.0573  666.2729 -10.397     2075.77 0.051
    527.957    778.926    533.441    779.245    -10.601  -10.606   -0.004  0.001    0.004 -0.001    0.006      527.957  778.926    533.4413  779.2447           533.4413  779.2447 -10.606  528.4529  674.8999 -10.607     2347.26 0.037
     99.328    780.388    104.829    780.683    -10.021  -10.023    0.018 -0.004   -0.018  0.004    0.004       99.328  780.388    104.8286  780.6834           104.8286  780.6834 -10.023   95.8938  703.1210 -10.029     1556.23 0.042
    494.524    784.411    500.009    784.736    -10.737  -10.750   -0.003  0.010    0.003 -0.010    0.014      494.524  784.411    500.0091  784.7362           500.0091  784.7362 -10.750  494.7289  682.4794 -10.751     2570.32 0.036
    716.225    787.878    721.742    788.202    -10.151  -10.156    0.025 -0.001   -0.025  0.001    0.006      716.225  787.878    721.7417  788.2017           721.7417  788.2017 -10.156  718.1335  672.1559 -10.155     1718.71 0.040
    338.447    798.941    343.934    799.252    -12.088  -12.091    0.000  0.003   -0.000 -0.003    0.004      338.447  798.941    343.9339  799.2518           343.9339  799.2518 -12.091  337.2375  706.7568 -12.094     9947.23 0.032
     69.133    804.941     74.622    805.220    -10.371  -10.380    0.006 -0.017   -0.006  0.017    0.010       69.133  804.941     74.6219  805.2203            74.6219  805.2203 -10.380   65.2223  729.5962 -10.386     1980.92 0.037
    163.569    805.357    169.076    805.661    -10.739  -10.734    0.022  0.002   -0.022 -0.002   -0.004      163.569  805.357    169.0755  805.6611           169.0755  805.6611 -10.734  160.6564  724.1180 -10.739     2713.65 0.084
     77.895    811.507     83.374    811.807    -10.898  -10.896   -0.004  0.002    0.004 -0.002   -0.001       77.895  811.507     83.3736  811.8066            83.3736  811.8066 -10.896   74.0282  735.6468 -10.902     3374.50 0.031
    714.274    813.548    719.771    813.872    -11.247  -11.239    0.005  0.001   -0.005 -0.001   -0.007      714.274  813.548    719.7710  813.8724           719.7710  813.8724 -11.239  716.0486  697.9482 -11.239     4488.47 0.089
     36.640    819.676     42.116    820.018    -10.062  -10.063   -0.007  0.046    0.007 -0.046    0.002       36.640  819.676     42.1160  820.0179            42.1160  820.0179 -10.063   32.2759  746.4634 -10.069     1343.11 0.049
    145.968    822.743    151.454    823.039    -10.606  -10.606    0.002 -0.004   -0.002  0.004    0.001      145.968  822.743    151.4537  823.0386           151.4537  823.0386 -10.606  142.7551  742.6307 -10.611     2455.92 0.024
     62.289    829.424     67.767    829.743    -10.440  -10.447   -0.005  0.023    0.005 -0.023    0.009       62.289  829.424     67.7668  829.7430            67.7668  829.7430 -10.447   58.1466  754.5993 -10.453     2060.85 0.116
    982.944    831.505    988.451    831.835    -10.107  -10.098    0.011 -0.003   -0.011  0.003   -0.008      982.944  831.505    988.4507  831.8351           988.4507  831.8351 -10.098  986.2970  699.1540 -10.096     1589.71 0.034
    634.555    840.485    640.070    840.795    -10.267  -10.270    0.024 -0.008   -0.024  0.008    0.005      634.555  840.485    640.0701  840.7950           640.0701  840.7950 -10.270  635.6278  729.8262 -10.271     1821.62 0.035
    138.774    842.178    144.257    842.471    -10.191  -10.202   -0.000 -0.005    0.000  0.005    0.012      138.774  842.178    144.2573  842.4714           144.2573  842.4714 -10.202  135.3719  762.5527 -10.208     1573.08 0.038
     67.270    844.623     72.747    844.919    -11.306  -11.297   -0.006  0.000    0.006 -0.000   -0.008       67.270  844.623     72.7474  844.9190            72.7474  844.9190 -11.297   63.0900  769.4955 -11.303     4464.34 0.021
    770.914    845.277    776.406    845.611    -10.638  -10.624   -0.001  0.010    0.001 -0.010   -0.012      770.914  845.277    776.4058  845.6113           776.4058  845.6113 -10.624  772.9406  726.1554 -10.623     2774.72 0.037
    448.620    846.691    454.084    847.014    -10.472  -10.467   -0.024  0.012    0.024 -0.012   -0.004      448.620  846.691    454.0840  847.0139           454.0840  847.0139 -10.467  448.1272  747.6798 -10.470     2199.43 0.040
     36.860    852.770     42.355    853.061    -12.111  -12.116    0.013 -0.003   -0.013  0.003    0.007       36.860  852.770     42.3553  853.0612            42.3553  853.0612 -12.116   32.3171  779.5655 -12.122     9341.10 0.020
    394.772    864.907    400.261    865.209    -12.225  -12.227    0.002 -0.005   -0.002  0.005    0.003      394.772  864.907    400.2614  865.2094           400.2614  865.2094 -12.227  393.7435  769.2683 -12.230    11265.95 0.032
    478.783    868.959    484.301    869.278    -10.071  -10.067    0.030  0.007   -0.030 -0.007   -0.003      478.783  868.959    484.3007  869.2775           484.3007  869.2775 -10.067  478.4933  768.0755 -10.070     1428.99 0.054
    419.879    870.532    425.363    870.832    -10.697  -10.705   -0.004 -0.009    0.004  0.009    0.009      419.879  870.532    425.3629  870.8323           425.3629  870.8323 -10.705  419.0424  773.3243 -10.708     2822.22 0.035
    725.156    871.479    730.650    871.799    -12.447  -12.440    0.002 -0.001   -0.002  0.001   -0.005      725.156  871.479    730.6497  871.7992           730.6497  871.7992 -12.440  726.7742  755.2051 -12.441    14404.24 0.017
     44.547    876.307     50.019    876.594    -10.204  -10.206   -0.010 -0.006    0.010  0.006    0.003       44.547  876.307     50.0190  876.5940            50.0190  876.5940 -10.206   39.9226  802.6728 -10.212     1715.77 0.051
    892.674    880.425    898.168    880.737    -10.906  -10.901   -0.000 -0.016    0.000  0.016   -0.003      892.674  880.425    898.1681  880.7368           898.1681  880.7368 -10.901  895.3405  753.6703 -10.900     3217.65 0.031
    538.295    881.419    543.790    881.739    -10.106  -10.100    0.006  0.006   -0.006 -0.006   -0.005      538.295  881.419    543.7904  881.7385           543.7904  881.7385 -10.100  538.4164  776.8226 -10.102     1486.89 0.055
    809.787    881.757    815.299    882.091    -10.581  -10.579    0.019  0.010   -0.019 -0.010   -0.000      809.787  881.757    815.2990  882.0911           815.2990  882.0911 -10.579  811.9504  760.2061 -10.579     2629.88 0.040
    198.233    885.362    203.721    885.664    -10.248  -10.232    0.004  0.003   -0.004 -0.003   -0.014      198.233  885.362    203.7211  885.6639           203.7211  885.6639 -10.232  195.1989  802.0990 -10.238     1934.54 0.045
    676.266    889.309    681.759    889.620    -10.707  -10.724    0.002 -0.007   -0.002  0.007    0.018      676.266  889.309    681.7591  889.6202           681.7591  889.6202 -10.724  677.4219  776.0660 -10.725     2696.07 0.039
    696.050    891.409    701.545    891.736    -12.673  -12.666    0.003  0.009   -0.003 -0.009   -0.006      696.050  891.409    701.5449  891.7362           701.5449  891.7362 -12.666  697.3436  776.9438 -12.667    17298.59 0.017
    102.013    896.657    107.493    896.935    -10.293  -10.292   -0.004 -0.016    0.004  0.016    0.001      102.013  896.657    107.4928  896.9348           107.4928  896.9348 -10.292   97.9006  819.4475 -10.299     1692.06 0.034
    990.611    899.038    996.094    899.368    -10.083  -10.097   -0.013 -0.001    0.013  0.001    0.015      990.611  899.038    996.0938  899.3679           996.0938  899.3679 -10.097  993.7692  766.1686 -10.094     1429.69 0.100
    502.685    903.401    508.182    903.703    -10.003   -9.981    0.008 -0.008   -0.008  0.008   -0.021      502.685  903.401    508.1816  903.7032           508.1816  903.7032  -9.981  502.4137  801.0431  -9.984     1402.20 0.056
    850.020    907.179    855.497    907.513    -10.446  -10.469   -0.017  0.010    0.017 -0.010    0.024      850.020  907.179    855.4966  907.5134           855.4966  907.5134 -10.469  852.3112  783.1153 -10.468     2168.19 0.045
    789.222    908.964    794.678    909.307    -10.251  -10.251   -0.036  0.021    0.036 -0.021    0.001      789.222  908.964    794.6781  909.3072           794.6781  909.3072 -10.251  791.0925  788.7160 -10.251     1871.48 0.058
    647.611    920.697    653.098    921.025    -10.508  -10.519   -0.004  0.012    0.004 -0.012    0.013      647.611  920.697    653.0980  921.0248           653.0980  921.0248 -10.519  648.4160  809.2882 -10.521     2008.78 0.039
    370.148    924.306    375.644    924.625    -10.512  -10.503    0.009  0.014   -0.009 -0.014   -0.008      370.148  924.306    375.6441  924.6249           375.6441  924.6249 -10.503  368.6023  830.3221 -10.507     2062.65 0.035
    407.353    935.492    412.845    935.787    -10.869  -10.888    0.004 -0.010   -0.004  0.010    0.020      407.353  935.492    412.8447  935.7867           412.8447  935.7867 -10.888  406.0912  839.1628 -10.892     3474.70 0.029
    265.549    937.872    271.021    938.165    -10.607  -10.612   -0.013 -0.006    0.013  0.006    0.007      265.549  937.872    271.0213  938.1647           271.0213  938.1647 -10.612  262.8945  850.4761 -10.617     2237.04 0.063
     93.549    946.134     99.020    946.431    -10.203  -10.183   -0.011  0.005    0.011 -0.005   -0.019       93.549  946.134     99.0205  946.4310            99.0205  946.4310 -10.183   89.0437  869.6057 -10.190     1667.49 0.055
    754.251    945.869    759.742    946.183    -12.069  -12.075   -0.002 -0.005    0.002  0.005    0.007      754.251  945.869    759.7418  946.1825           759.7418  946.1825 -12.075  755.7768  827.7960 -12.076    10278.85 0.016
    502.302    947.199    507.807    947.524    -10.254  -10.311    0.016  0.017   -0.016 -0.017    0.059      502.302  947.199    507.8066  947.5241           507.8066  947.5241 -10.311  501.8326  844.9458 -10.314     1909.61 0.200
    782.079    951.278    787.564    951.607    -10.653  -10.646   -0.007  0.010    0.007 -0.010   -0.006      782.079  951.278    787.5645  951.6072           787.5645  951.6072 -10.646  783.7708  831.4783 -10.647     2351.78 0.033
    375.359    974.748    380.833    975.064    -10.384  -10.378   -0.013  0.014    0.013 -0.014   -0.005      375.359  974.748    380.8333  975.0639           380.8333  975.0639 -10.378  373.5862  880.5307 -10.383     1667.42 0.047
     60.156    984.058     65.630    984.352    -11.059  -11.068   -0.008  0.005    0.008 -0.005    0.010       60.156  984.058     65.6304  984.3521            65.6304  984.3521 -11.068   55.0572  909.7445 -11.076     3958.41 0.027
    690.724    989.403    696.212    989.712    -10.735  -10.728   -0.004 -0.006    0.004  0.006   -0.006      690.724  989.403    696.2121  989.7117           696.2121  989.7117 -10.728  691.5739  875.3299 -10.730     2523.16 0.026
    735.610    989.558    741.098    989.873    -10.566  -10.569   -0.005 -0.002    0.005  0.002    0.004      735.610  989.558    741.0976  989.8730           741.0976  989.8730 -10.569  736.8291  872.6898 -10.570     2440.18 0.039
    840.281    990.230    845.773    990.564    -11.417  -11.404   -0.002  0.013    0.002 -0.013   -0.012      840.281  990.230    845.7726  990.5639           845.7726  990.5639 -11.404  842.2252  866.8024 -11.404     5512.08 0.029
    331.617    994.626    337.097    994.922    -10.301  -10.298   -0.007 -0.004    0.007  0.004   -0.002      331.617  994.626    337.0967  994.9217           337.0967  994.9217 -10.298  329.3286  903.1917 -10.303     1842.86 0.032
    904.740    999.134    910.237    999.454    -10.319  -10.324    0.003 -0.003   -0.003  0.003    0.006      904.740  999.134    910.2373  999.4539           910.2373  999.4539 -10.324  907.0762  871.6452 -10.323     1994.15 0.036
    690.245   1003.170    695.717   1003.498    -10.232  -10.261   -0.019  0.013    0.019 -0.013    0.030      690.245 1003.170    695.7174 1003.4977           695.7174 1003.4977 -10.261  691.0192  889.1624 -10.263     1942.10 0.025
    525.947   1004.676    531.428   1004.985    -10.321  -10.330   -0.008  0.002    0.008 -0.002    0.010      525.947 1004.676    531.4285 1004.9851           531.4285 1004.9851 -10.330  525.3923  901.0103 -10.333     1983.19 0.036
    157.465   1006.247    162.952   1006.502    -10.146  -10.152    0.003 -0.037   -0.003  0.037    0.007      157.465 1006.247    162.9520 1006.5023           162.9520 1006.5023 -10.152  153.3597  925.8006 -10.159     1577.40 0.059
    800.848   1008.042    806.342   1008.353    -10.200  -10.203    0.001 -0.008   -0.001  0.008    0.004      800.848 1008.042    806.3422 1008.3530           806.3422 1008.3530 -10.203  802.4633  887.0827 -10.204     1558.59 0.089
    825.966   1008.270    831.450   1008.572    -12.421  -12.414   -0.009 -0.017    0.009  0.017   -0.006      825.966 1008.270    831.4500 1008.5723           831.4500 1008.5723 -12.414  827.7414  885.7231 -12.415    12896.72 0.095
    794.095   1012.095    799.584   1012.405    -13.143  -13.144   -0.004 -0.007    0.004  0.007    0.002      794.095 1012.095    799.5837 1012.4054           799.5837 1012.4054 -13.144  795.6428  891.5637 -13.144    22232.30 0.092
    778.880   1012.985    784.361   1013.308    -10.493  -10.482   -0.012  0.006    0.012 -0.006   -0.009      778.880 1012.985    784.3607 1013.3079           784.3607 1013.3079 -10.482  780.3100  893.4247 -10.483     1970.34 0.039
    591.366   1014.508    596.852   1014.809    -10.271  -10.265   -0.004 -0.009    0.004  0.009   -0.005      591.366 1014.508    596.8523 1014.8090           596.8523 1014.8090 -10.265  591.3232  906.7226 -10.268     1783.86 0.078
     19.880   1016.150     25.357   1016.445    -10.789  -10.795   -0.005  0.009    0.005 -0.009    0.007       19.880 1016.150     25.3573 1016.4446            25.3573 1016.4446 -10.795   14.1334  944.4550 -10.803     2718.60 0.033
    156.729   1017.433    162.244   1017.722    -10.562  -10.547    0.031 -0.002   -0.031  0.002   -0.013      156.729 1017.433    162.2441 1017.7222           162.2441 1017.7222 -10.547  152.5807  937.0977 -10.554     2334.42 0.036
     42.611   1018.359     48.092   1018.640    -10.235  -10.250   -0.001 -0.006    0.001  0.006    0.016       42.611 1018.359     48.0920 1018.6396            48.0920 1018.6396 -10.250   37.1577  945.2423 -10.258     1750.44 0.039
    571.864   1019.988    577.358   1020.290    -13.437  -13.435    0.004 -0.006   -0.004  0.006   -0.000      571.864 1019.988    577.3577 1020.2902           577.3577 1020.2902 -13.435  571.6727  913.4463 -13.438    30752.30 0.021
    789.739   1020.222    795.226   1020.549    -11.209  -11.195   -0.006  0.010    0.006 -0.010   -0.012      789.739 1020.222    795.2256 1020.5492           795.2256 1020.5492 -11.195  791.2236  899.9890 -11.196     4680.74 0.029
    242.204   1023.442    247.704   1023.730    -10.404  -10.392    0.015 -0.007   -0.015  0.007   -0.010      242.204 1023.442    247.7045 1023.7303           247.7045 1023.7303 -10.392  238.9135  937.7170 -10.399     2174.69 0.029
    939.019   1025.349    944.516   1025.668    -10.873  -10.875    0.002 -0.004   -0.002  0.004    0.003      939.019 1025.349    944.5165 1025.6683           944.5165 1025.6683 -10.875  941.4821  895.7166 -10.875     2738.48 0.057
    743.389   1028.202    748.885   1028.502    -10.958  -10.957    0.004 -0.015   -0.004  0.015    0.000      743.389 1028.202    748.8848 1028.5021           748.8848 1028.5021 -10.957  744.5209  910.8677 -10.959     3298.85 0.034
    274.470   1034.888    279.949   1035.194    -10.487  -10.508   -0.006  0.011    0.006 -0.011    0.022      274.470 1034.888    279.9490 1035.1944           279.9490 1035.1944 -10.508  271.4305  947.1723 -10.514     2105.87 0.024
    767.580   1034.816    773.074   1035.135    -10.348  -10.353    0.002  0.004   -0.002 -0.004    0.007      767.580 1034.816    773.0739 1035.1353           773.0739 1035.1353 -10.353  768.8673  915.9715 -10.354     2104.82 0.037
    590.415   1037.313    595.907   1037.601    -10.434  -10.435    0.002 -0.021   -0.002  0.021    0.002      590.415 1037.313    595.9071 1037.6008           595.9071 1037.6008 -10.435  590.2993  929.6152 -10.439     1810.86 0.141
    173.589   1043.974    179.072   1044.266    -10.576  -10.553   -0.001  0.001    0.001 -0.001   -0.022      173.589 1043.974    179.0723 1044.2659           179.0723 1044.2659 -10.553  169.4402  962.6555 -10.560     2219.65 0.036
    242.276   1044.593    247.766   1044.883    -10.422  -10.425    0.004 -0.004   -0.004  0.004    0.004      242.276 1044.593    247.7660 1044.8827           247.7660 1044.8827 -10.425  238.8614  958.9242 -10.432     2290.97 0.039
    785.903   1048.174    791.390   1048.485    -10.609  -10.618   -0.005 -0.005    0.005  0.005    0.010      785.903 1048.174    791.3904 1048.4851           791.3904 1048.4851 -10.618  787.2623  928.1813 -10.619     2544.19 0.044
    655.997   1054.681    661.491   1054.980    -10.615  -10.588    0.003 -0.011   -0.003  0.011   -0.026      655.997 1054.681    661.4909 1054.9798           661.4909 1054.9798 -10.588  656.3400  942.8820 -10.590     2559.67 0.034
    540.009   1058.060    545.495   1058.367    -10.287  -10.287   -0.003  0.001    0.003 -0.001    0.001      540.009 1058.060    545.4950 1058.3666           545.4950 1058.3666 -10.287  539.3668  953.6037 -10.291     1755.13 0.047
    138.173   1059.618    143.652   1059.919    -10.354  -10.358   -0.005  0.012    0.005 -0.012    0.005      138.173 1059.618    143.6523 1059.9186           143.6523 1059.9186 -10.358  133.5464  980.6019 -10.366     1719.60 0.039
    353.105   1066.712    358.586   1067.010    -12.825  -12.823   -0.006  0.001    0.006 -0.001   -0.001      353.105 1066.712    358.5864 1067.0103           358.5864 1067.0103 -12.823  350.6952  974.0913 -12.829    20481.06 0.015
    201.965   1073.234    207.463   1073.526    -10.745  -10.751    0.013  0.001   -0.013 -0.001    0.007      201.965 1073.234    207.4626 1073.5258           207.4626 1073.5258 -10.751  197.9731  990.2063 -10.758     2961.73 0.037
    236.282   1075.983    241.767   1076.272    -11.006  -11.009   -0.000 -0.003    0.000  0.003    0.004      236.282 1075.983    241.7673 1076.2715           241.7673 1076.2715 -11.009  232.6294  990.7855 -11.016     3544.95 0.022
    473.139   1080.421    478.635   1080.719    -11.753  -11.742    0.008 -0.004   -0.008  0.004   -0.010      473.139 1080.421    478.6349 1080.7187           478.6349 1080.7187 -11.742  471.8141  980.2295 -11.747     7460.63 0.024
    527.890   1080.661    533.379   1080.964    -11.192  -11.176    0.001 -0.001   -0.001  0.001   -0.014      527.890 1080.661    533.3794 1080.9641           533.3794 1080.9641 -11.176  527.0422  977.0139 -11.180     4664.61 0.035
    880.777   1082.003    886.266   1082.323    -10.094  -10.087   -0.005  0.003    0.005 -0.003   -0.006      880.777 1082.003    886.2659 1082.3233           886.2659 1082.3233 -10.087  882.6644  956.0681 -10.088     1537.17 0.054
    515.024   1084.654    520.505   1084.940    -10.569  -10.561   -0.007 -0.017    0.007  0.017   -0.007      515.024 1084.654    520.5052 1084.9398           520.5052 1084.9398 -10.561  514.0372  981.8123 -10.565     2666.21 0.034
    125.564   1086.218    131.061   1086.480    -10.181  -10.166    0.013 -0.026   -0.013  0.026   -0.014      125.564 1086.218    131.0610 1086.4797           131.0610 1086.4797 -10.166  120.6621 1008.0508 -10.174     1659.02 0.044
    344.211   1093.535    349.712   1093.845    -10.151  -10.166    0.015  0.014   -0.015 -0.014    0.017      344.211 1093.535    349.7124 1093.8453           349.7124 1093.8453 -10.166  341.5946 1001.5636 -10.172     1416.07 0.052
    561.357   1096.629    566.839   1096.938    -10.952  -10.956   -0.008  0.004    0.008 -0.004    0.005      561.357 1096.629    566.8386 1096.9378           566.8386 1096.9378 -10.956  560.7194  990.9039 -10.959     3634.97 0.027
    677.534   1105.276    683.043   1105.570    -10.596  -10.628    0.017 -0.014   -0.017  0.014    0.033      677.534 1105.276    683.0425 1105.5702           683.0425 1105.5702 -10.628  677.8485  992.1968 -10.631     1621.82 0.493
    950.811   1105.739    956.298   1106.061    -11.383  -11.366   -0.007  0.003    0.007 -0.003   -0.015      950.811 1105.739    956.2985 1106.0613           956.2985 1106.0613 -11.366  953.0723  975.4053 -11.366     4743.55 0.033
    634.219   1108.222    639.715   1108.533    -12.685  -12.685    0.006  0.004   -0.006 -0.004    0.001      634.219 1108.222    639.7151 1108.5328           639.7151 1108.5328 -12.685  634.1583  997.9081 -12.688    18986.12 0.013
    466.375   1109.180    471.855   1109.473    -10.466  -10.469   -0.009 -0.007    0.009  0.007    0.005      466.375 1109.180    471.8547 1109.4730           471.8547 1109.4730 -10.469  464.8353 1009.4837 -10.474     1964.59 0.040
    864.980   1112.053    870.495   1112.348    -10.251  -10.245    0.021 -0.022   -0.021  0.022   -0.005      864.980 1112.053    870.4947 1112.3475           870.4947 1112.3475 -10.245  866.6790  987.1262 -10.246     1816.93 0.046
    913.192   1112.756    918.717   1113.092    -10.625  -10.623    0.031  0.018   -0.031 -0.018   -0.001      913.192 1112.756    918.7167 1113.0917           918.7167 1113.0917 -10.623  915.2236  984.8202 -10.623     2656.05 0.060
    583.979   1114.623    589.468   1114.931    -12.167  -12.170    0.000  0.004   -0.000 -0.004    0.004      583.979 1114.623    589.4683 1114.9307           589.4683 1114.9307 -12.170  583.4625 1007.5022 -12.173     8621.26 0.025
    637.129   1117.336    642.610   1117.638    -10.080  -10.086   -0.010 -0.005    0.010  0.005    0.007      637.129 1117.336    642.6097 1117.6378           642.6097 1117.6378 -10.086  637.0374 1006.8481 -10.089     1590.65 0.089
    574.808   1119.568    580.304   1119.831    -10.120  -10.197    0.006 -0.040   -0.006  0.040    0.079      574.808 1119.568    580.3037 1119.8313           580.3037 1119.8313 -10.197  574.1975 1012.9945 -10.201     1141.32 0.449
    889.233   1120.822    894.713   1121.135    -10.068  -10.064   -0.013 -0.003    0.013  0.003   -0.003      889.233 1120.822    894.7133 1121.1352           894.7133 1121.1352 -10.064  891.0317  994.3928 -10.064     1460.36 0.059
